==============================================================================
==============================================================================
Wed. Nov. 23 2016                  LANDSAT 5                       Time: 03:37
                            Image Assessment System
                            GEOMETRIC VERIFY Report
==============================================================================
Order ID: 0501611211520_00484                          Path / Row - 141 / 48
Reference Image: L51BKT1006047040100_HDF.L1G

Color mapping per rank
----------------------
Rank  1 is Green: total residual <= 0.5
Rank  2 is Cyan: 0.5 < total residual <=  1
Rank  3 is Blue:  1 < total residual <=  2
Rank  4 is Yellow:  2 < total residual <=  3
Rank  5 is Red:  3 < total residual

Percentage of residuals by rank
-------------------------------
Rank   1 -- 100.0%
Rank   2 --  0.0%
Rank   3 --  0.0%
Rank   4 --  0.0%
Rank   5 --  0.0%

       GCP    Latitude    Longitude  Sample   Line     Total    Rank
        ID                           Residual Residual Residual
              (Degree)    (Degree)   (Pixel)  (Pixel)  (Pixel)
----------------------------------------------------------------------
1410480015   18.25910     82.24506     0.30      0.12     0.32     1 
1410480090   18.23443     82.24489    -0.02      0.31     0.31     1 
1410480093   18.23384     82.33255     0.18      0.25     0.31     1 
1410480094   18.23364     82.36177     0.08      0.17     0.19     1 
1410480095   18.23343     82.39099     0.08      0.17     0.18     1 
1410480096   18.23321     82.42020     0.17      0.18     0.25     1 
1410480165   18.20976     82.24471    -0.23     -0.01     0.23     1 
1410480166   18.20957     82.27393     0.03      0.33     0.33     1 
1410480167   18.20938     82.30314     0.06      0.31     0.31     1 
1410480168   18.20917     82.33236     0.05      0.21     0.22     1 
1410480169   18.20897     82.36157     0.00      0.29     0.29     1 
1410480170   18.20876     82.39079     0.09      0.16     0.19     1 
1410480171   18.20855     82.42000     0.07      0.19     0.20     1 
1410480175   18.20764     82.53686    -0.04      0.28     0.29     1 
1410480177   18.20717     82.59528     0.09      0.08     0.12     1 
1410480242   18.18471     82.30296     0.15      0.28     0.31     1 
1410480244   18.18430     82.36138     0.13      0.24     0.27     1 
1410480245   18.18409     82.39059     0.01      0.27     0.27     1 
1410480250   18.18298     82.53664     0.06      0.22     0.23     1 
1410480251   18.18274     82.56585     0.02      0.18     0.18     1 
1410480252   18.18250     82.59506    -0.04      0.12     0.12     1 
1410480253   18.18226     82.62426     0.03      0.20     0.20     1 
1410480254   18.18201     82.65347     0.01      0.19     0.19     1 
1410480255   18.18175     82.68268     0.04      0.19     0.19     1 
1410480256   18.18150     82.71188     0.06      0.14     0.16     1 
1410480257   18.18123     82.74109     0.13      0.16     0.20     1 
1410480258   18.18097     82.77029     0.12      0.06     0.13     1 
1410480259   18.18070     82.79950     0.20      0.06     0.21     1 
1410480313   18.16079     82.18594     0.06      0.17     0.18     1 
1410480316   18.16023     82.27357     0.02      0.30     0.30     1 
1410480317   18.16004     82.30278     0.07      0.24     0.25     1 
1410480318   18.15984     82.33198     0.20      0.15     0.25     1 
1410480322   18.15899     82.44881     0.07      0.26     0.27     1 
1410480323   18.15877     82.47801     0.14      0.10     0.17     1 
1410480324   18.15854     82.50722     0.15      0.18     0.24     1 
1410480325   18.15831     82.53642    -0.01      0.26     0.26     1 
1410480326   18.15808     82.56563     0.07      0.23     0.24     1 
1410480327   18.15784     82.59483     0.01      0.18     0.18     1 
1410480328   18.15759     82.62404    -0.03      0.15     0.16     1 
1410480329   18.15734     82.65324     0.06      0.18     0.18     1 
1410480330   18.15709     82.68244     0.05      0.11     0.11     1 
1410480331   18.15683     82.71164     0.04      0.20     0.21     1 
1410480332   18.15657     82.74084    -0.04     -0.04     0.05     1 
1410480333   18.15630     82.77004     0.06      0.00     0.06     1 
1410480334   18.15603     82.79924     0.00      0.11     0.11     1 
1410480335   18.15576     82.82845     0.08      0.20     0.22     1 
1410480336   18.15548     82.85765    -0.01      0.11     0.11     1 
1410480337   18.15519     82.88684     0.06      0.05     0.08     1 
1410480338   18.15490     82.91604     0.07      0.14     0.16     1 
1410480339   18.15461     82.94524     0.16     -0.00     0.16     1 
1410480340   18.15431     82.97444     0.14     -0.01     0.15     1 
1410480390   18.13576     82.24419     0.08      0.29     0.30     1 
1410480391   18.13556     82.27339     0.02      0.31     0.31     1 
1410480393   18.13517     82.33180     0.07      0.24     0.25     1 
1410480396   18.13454     82.41940     0.09      0.23     0.25     1 
1410480397   18.13433     82.44861     0.08      0.23     0.24     1 
1410480398   18.13410     82.47781    -0.01      0.27     0.27     1 
1410480399   18.13388     82.50701     0.09      0.25     0.26     1 
1410480400   18.13365     82.53621     0.03      0.10     0.11     1 
1410480401   18.13341     82.56541     0.23      0.08     0.25     1 
1410480402   18.13317     82.59461    -0.05      0.10     0.11     1 
1410480403   18.13293     82.62381     0.19      0.16     0.25     1 
1410480404   18.13268     82.65301     0.02      0.16     0.16     1 
1410480405   18.13243     82.68220     0.07      0.05     0.08     1 
1410480406   18.13217     82.71140     0.11      0.08     0.14     1 
1410480407   18.13191     82.74060    -0.01      0.14     0.14     1 
1410480408   18.13164     82.76980     0.00      0.16     0.16     1 
1410480409   18.13137     82.79899     0.01      0.05     0.05     1 
1410480410   18.13109     82.82819     0.03      0.04     0.05     1 
1410480411   18.13082     82.85738    -0.01      0.10     0.10     1 
1410480412   18.13053     82.88658     0.08      0.03     0.08     1 
1410480413   18.13024     82.91577     0.07      0.11     0.13     1 
1410480414   18.12995     82.94497     0.09      0.02     0.09     1 
1410480415   18.12965     82.97416    -0.12      0.23     0.26     1 
1410480416   18.12935     83.00335     0.03      0.02     0.03     1 
1410480417   18.12905     83.03254     0.03      0.04     0.05     1 
1410480418   18.12873     83.06173    -0.00      0.02     0.02     1 
1410480419   18.12842     83.09093     0.18      0.01     0.18     1 
1410480420   18.12810     83.12012     0.08     -0.28     0.29     1 
1410480421   18.12778     83.14931     0.14      0.15     0.21     1 
1410480466   18.11090     82.27321     0.04      0.25     0.25     1 
1410480467   18.11070     82.30241     0.03      0.19     0.19     1 
1410480468   18.11050     82.33161    -0.03      0.08     0.08     1 
1410480469   18.11030     82.36081     0.07      0.21     0.22     1 
1410480470   18.11009     82.39001    -0.01      0.28     0.28     1 
1410480471   18.10988     82.41921    -0.03      0.20     0.21     1 
1410480472   18.10966     82.44840     0.01      0.14     0.15     1 
1410480473   18.10944     82.47760     0.18      0.16     0.24     1 
1410480474   18.10921     82.50680    -0.03      0.18     0.18     1 
1410480475   18.10898     82.53599    -0.02      0.26     0.26     1 
1410480476   18.10874     82.56519     0.07      0.25     0.26     1 
1410480477   18.10851     82.59439     0.07      0.14     0.15     1 
1410480478   18.10826     82.62358     0.05      0.09     0.11     1 
1410480479   18.10801     82.65278     0.06      0.08     0.10     1 
1410480480   18.10776     82.68197    -0.03      0.15     0.15     1 
1410480481   18.10750     82.71116     0.04      0.14     0.15     1 
1410480482   18.10724     82.74036     0.08      0.06     0.10     1 
1410480483   18.10698     82.76955     0.07      0.07     0.10     1 
1410480484   18.10671     82.79874     0.08      0.05     0.09     1 
1410480485   18.10643     82.82793    -0.04      0.08     0.09     1 
1410480486   18.10615     82.85712     0.06     -0.01     0.06     1 
1410480487   18.10587     82.88631     0.03      0.04     0.05     1 
1410480488   18.10558     82.91550     0.00     -0.03     0.03     1 
1410480489   18.10529     82.94469     0.00      0.11     0.11     1 
1410480490   18.10499     82.97388     0.23     -0.08     0.25     1 
1410480491   18.10469     83.00307     0.07      0.09     0.11     1 
1410480492   18.10439     83.03226    -0.08      0.01     0.08     1 
1410480493   18.10408     83.06145    -0.01      0.02     0.03     1 
1410480494   18.10376     83.09063     0.11      0.03     0.11     1 
1410480495   18.10344     83.11982     0.01      0.08     0.08     1 
1410480496   18.10312     83.14901    -0.01      0.05     0.05     1 
1410480497   18.10279     83.17819     0.05      0.10     0.11     1 
1410480498   18.10246     83.20737     0.05      0.13     0.14     1 
1410480499   18.10212     83.23656     0.11      0.05     0.12     1 
1410480501   18.10144     83.29492    -0.04      0.03     0.05     1 
1410480502   18.10109     83.32410     0.04      0.03     0.05     1 
1410480539   18.08660     82.21464    -0.10      0.16     0.19     1 
1410480540   18.08642     82.24384     0.06      0.32     0.33     1 
1410480541   18.08623     82.27303     0.12      0.20     0.23     1 
1410480542   18.08603     82.30223     0.10      0.27     0.29     1 
1410480543   18.08583     82.33142     0.12      0.16     0.20     1 
1410480544   18.08563     82.36062     0.10      0.24     0.26     1 
1410480545   18.08542     82.38981     0.00      0.31     0.31     1 
1410480546   18.08521     82.41901    -0.04      0.23     0.23     1 
1410480547   18.08499     82.44820    -0.04      0.21     0.21     1 
1410480548   18.08477     82.47739     0.05      0.11     0.12     1 
1410480549   18.08454     82.50659    -0.06      0.14     0.15     1 
1410480550   18.08431     82.53578     0.04      0.13     0.13     1 
1410480551   18.08408     82.56497     0.16      0.06     0.17     1 
1410480552   18.08384     82.59416     0.04      0.10     0.11     1 
1410480553   18.08360     82.62335     0.03      0.08     0.08     1 
1410480554   18.08335     82.65254     0.04      0.12     0.13     1 
1410480555   18.08310     82.68173     0.07      0.21     0.22     1 
1410480556   18.08284     82.71092     0.04      0.05     0.07     1 
1410480557   18.08258     82.74011     0.05      0.11     0.12     1 
1410480558   18.08231     82.76930    -0.01      0.08     0.08     1 
1410480560   18.08177     82.82768     0.14      0.11     0.18     1 
1410480561   18.08149     82.85686    -0.03      0.09     0.09     1 
1410480562   18.08121     82.88605     0.07      0.08     0.10     1 
1410480563   18.08092     82.91524     0.10      0.11     0.14     1 
1410480564   18.08063     82.94442     0.10     -0.02     0.10     1 
1410480565   18.08033     82.97361     0.07     -0.03     0.08     1 
1410480566   18.08003     83.00279     0.05      0.07     0.08     1 
1410480567   18.07973     83.03198     0.04      0.04     0.06     1 
1410480568   18.07942     83.06116     0.01      0.12     0.12     1 
1410480569   18.07910     83.09034     0.06      0.02     0.06     1 
1410480570   18.07878     83.11952     0.02      0.07     0.07     1 
1410480571   18.07846     83.14870     0.03      0.01     0.03     1 
1410480572   18.07813     83.17789    -0.16     -0.02     0.16     1 
1410480573   18.07780     83.20707    -0.04      0.08     0.09     1 
1410480574   18.07747     83.23624     0.01     -0.01     0.02     1 
1410480576   18.07678     83.29460     0.11      0.08     0.14     1 
1410480578   18.07608     83.35296     0.06     -0.01     0.06     1 
1410480579   18.07572     83.38213     0.06      0.11     0.12     1 
1410480580   18.07536     83.41131     0.02     -0.07     0.07     1 
1410480581   18.07499     83.44048     0.06      0.07     0.09     1 
1410480582   18.07462     83.46966     0.02      0.08     0.08     1 
1410480613   18.06211     82.18528     0.05      0.31     0.31     1 
1410480614   18.06193     82.21447     0.21      0.22     0.31     1 
1410480615   18.06175     82.24366     0.18      0.21     0.28     1 
1410480616   18.06156     82.27286     0.13      0.24     0.27     1 
1410480617   18.06136     82.30205    -0.08      0.25     0.26     1 
1410480618   18.06116     82.33124     0.08      0.19     0.20     1 
1410480619   18.06096     82.36043     0.03      0.26     0.26     1 
1410480620   18.06075     82.38962     0.02      0.21     0.21     1 
1410480621   18.06054     82.41881     0.02      0.23     0.23     1 
1410480622   18.06032     82.44800     0.12      0.19     0.22     1 
1410480623   18.06010     82.47719    -0.11      0.15     0.19     1 
1410480624   18.05988     82.50638    -0.01      0.13     0.14     1 
1410480625   18.05965     82.53557    -0.02      0.12     0.12     1 
1410480626   18.05941     82.56475    -0.08      0.08     0.11     1 
1410480627   18.05917     82.59394    -0.02      0.10     0.10     1 
1410480628   18.05893     82.62313     0.04      0.03     0.05     1 
1410480629   18.05868     82.65231     0.02      0.05     0.05     1 
1410480630   18.05843     82.68150    -0.01      0.08     0.08     1 
1410480631   18.05818     82.71068     0.02      0.11     0.11     1 
1410480632   18.05792     82.73987     0.02      0.10     0.10     1 
1410480633   18.05765     82.76905    -0.03      0.18     0.19     1 
1410480634   18.05738     82.79824     0.10      0.14     0.17     1 
1410480635   18.05711     82.82742    -0.05      0.13     0.14     1 
1410480636   18.05683     82.85661     0.10     -0.00     0.10     1 
1410480637   18.05655     82.88579     0.13      0.19     0.24     1 
1410480638   18.05626     82.91497     0.05      0.07     0.09     1 
1410480639   18.05597     82.94415    -0.06      0.11     0.13     1 
1410480640   18.05567     82.97333     0.12     -0.12     0.17     1 
1410480641   18.05537     83.00251     0.04      0.07     0.08     1 
1410480642   18.05507     83.03169    -0.03      0.04     0.05     1 
1410480643   18.05476     83.06087     0.07      0.22     0.23     1 
1410480644   18.05444     83.09005     0.11     -0.04     0.12     1 
1410480645   18.05413     83.11923     0.08      0.05     0.10     1 
1410480646   18.05380     83.14840    -0.04     -0.03     0.05     1 
1410480647   18.05348     83.17758     0.08     -0.03     0.09     1 
1410480649   18.05281     83.23593     0.04      0.05     0.07     1 
1410480652   18.05178     83.32345    -0.05      0.06     0.08     1 
1410480653   18.05142     83.35263     0.09      0.08     0.12     1 
1410480654   18.05107     83.38180     0.03      0.02     0.04     1 
1410480655   18.05071     83.41097    -0.05     -0.06     0.08     1 
1410480656   18.05034     83.44014    -0.01      0.12     0.13     1 
1410480658   18.04959     83.49848    -0.13     -0.15     0.20     1 
1410480660   18.04883     83.55682     0.25      0.04     0.26     1 
1410480661   18.04844     83.58599     0.10      0.12     0.16     1 
1410480688   18.03744     82.18511     0.08      0.19     0.20     1 
1410480689   18.03726     82.21430     0.16      0.29     0.33     1 
1410480691   18.03689     82.27268     0.09      0.22     0.24     1 
1410480692   18.03669     82.30187     0.11      0.17     0.20     1 
1410480693   18.03649     82.33105     0.19      0.09     0.21     1 
1410480694   18.03629     82.36024     0.08      0.22     0.24     1 
1410480695   18.03608     82.38943     0.03      0.11     0.12     1 
1410480696   18.03587     82.41861     0.02      0.18     0.18     1 
1410480697   18.03566     82.44780    -0.06      0.20     0.21     1 
1410480698   18.03544     82.47698    -0.01      0.11     0.12     1 
1410480699   18.03521     82.50617    -0.04      0.17     0.18     1 
1410480700   18.03498     82.53535    -0.04      0.11     0.12     1 
1410480701   18.03475     82.56453    -0.02      0.11     0.11     1 
1410480702   18.03451     82.59372    -0.10      0.25     0.27     1 
1410480704   18.03402     82.65208     0.02      0.29     0.29     1 
1410480705   18.03377     82.68126    -0.05     -0.01     0.05     1 
1410480706   18.03351     82.71045     0.02      0.14     0.14     1 
1410480707   18.03325     82.73963     0.18      0.10     0.21     1 
1410480708   18.03299     82.76881     0.16      0.05     0.17     1 
1410480709   18.03272     82.79799     0.07      0.03     0.07     1 
1410480710   18.03244     82.82717     0.12      0.15     0.19     1 
1410480711   18.03217     82.85635     0.16     -0.12     0.20     1 
1410480712   18.03188     82.88553     0.04     -0.05     0.06     1 
1410480713   18.03160     82.91470     0.02      0.03     0.04     1 
1410480714   18.03131     82.94388     0.08      0.09     0.12     1 
1410480716   18.03071     83.00223     0.17     -0.04     0.18     1 
1410480717   18.03041     83.03141     0.01      0.08     0.08     1 
1410480718   18.03010     83.06058    -0.02      0.02     0.02     1 
1410480719   18.02979     83.08976    -0.02     -0.06     0.06     1 
1410480720   18.02947     83.11893     0.03      0.17     0.17     1 
1410480721   18.02915     83.14811     0.02      0.00     0.02     1 
1410480722   18.02882     83.17728    -0.07      0.03     0.08     1 
1410480723   18.02849     83.20645    -0.05      0.19     0.20     1 
1410480724   18.02815     83.23562     0.00      0.05     0.05     1 
1410480725   18.02782     83.26479     0.22     -0.03     0.22     1 
1410480727   18.02712     83.32313     0.08      0.16     0.18     1 
1410480728   18.02677     83.35230    -0.01      0.01     0.02     1 
1410480731   18.02569     83.43980    -0.01      0.14     0.14     1 
1410480732   18.02532     83.46897     0.00      0.00     0.01     1 
1410480733   18.02494     83.49813     0.08      0.11     0.14     1 
1410480764   18.01259     82.21413     0.15      0.25     0.29     1 
1410480765   18.01241     82.24332     0.03      0.22     0.22     1 
1410480767   18.01203     82.30168     0.01      0.20     0.20     1 
1410480768   18.01183     82.33087     0.15      0.06     0.16     1 
1410480769   18.01162     82.36005     0.05      0.08     0.10     1 
1410480770   18.01142     82.38923     0.03      0.15     0.15     1 
1410480771   18.01121     82.41841     0.06      0.15     0.16     1 
1410480772   18.01099     82.44760     0.02      0.19     0.19     1 
1410480773   18.01077     82.47678     0.06      0.06     0.08     1 
1410480774   18.01054     82.50596    -0.11      0.10     0.15     1 
1410480775   18.01031     82.53514     0.02      0.14     0.15     1 
1410480776   18.01008     82.56432     0.03      0.07     0.08     1 
1410480777   18.00984     82.59350    -0.06      0.26     0.27     1 
1410480778   18.00960     82.62268     0.08      0.16     0.17     1 
1410480779   18.00935     82.65185    -0.02      0.12     0.13     1 
1410480780   18.00910     82.68103    -0.04      0.13     0.14     1 
1410480781   18.00885     82.71021     0.09      0.16     0.19     1 
1410480782   18.00859     82.73938     0.11      0.03     0.12     1 
1410480783   18.00832     82.76856     0.13      0.05     0.14     1 
1410480784   18.00805     82.79774     0.01      0.09     0.09     1 
1410480785   18.00778     82.82691     0.02      0.05     0.05     1 
1410480786   18.00750     82.85609     0.05     -0.02     0.06     1 
1410480787   18.00722     82.88526     0.07      0.03     0.08     1 
1410480788   18.00694     82.91444     0.06      0.13     0.15     1 
1410480789   18.00664     82.94361     0.04      0.04     0.05     1 
1410480790   18.00635     82.97278     0.06      0.07     0.09     1 
1410480792   18.00575     83.03113     0.05     -0.06     0.08     1 
1410480793   18.00544     83.06030     0.03      0.01     0.03     1 
1410480795   18.00481     83.11864    -0.13     -0.04     0.14     1 
1410480796   18.00449     83.14781    -0.09      0.12     0.15     1 
1410480797   18.00416     83.17697     0.01      0.02     0.02     1 
1410480798   18.00383     83.20614     0.06      0.15     0.16     1 
1410480799   18.00350     83.23531     0.05      0.04     0.06     1 
1410480800   18.00316     83.26448     0.09     -0.01     0.09     1 
1410480801   18.00282     83.29364     0.10      0.19     0.21     1 
1410480802   18.00247     83.32281     0.02      0.12     0.12     1 
1410480803   18.00212     83.35197     0.02      0.04     0.04     1 
1410480805   18.00140     83.41030     0.11      0.09     0.14     1 
1410480806   18.00103     83.43946     0.13      0.01     0.13     1 
1410480837   17.98828     82.15560     0.10      0.24     0.26     1 
1410480838   17.98810     82.18478     0.04      0.30     0.30     1 
1410480839   17.98792     82.21396    -0.08      0.32     0.33     1 
1410480842   17.98736     82.30150     0.04      0.32     0.33     1 
1410480843   17.98716     82.33068     0.02      0.23     0.23     1 
1410480844   17.98696     82.35986     0.11      0.07     0.13     1 
1410480845   17.98675     82.38904     0.17      0.09     0.19     1 
1410480846   17.98654     82.41822     0.07      0.10     0.12     1 
1410480847   17.98632     82.44739     0.09      0.18     0.20     1 
1410480848   17.98610     82.47657    -0.02      0.12     0.12     1 
1410480849   17.98588     82.50575    -0.10      0.03     0.10     1 
1410480850   17.98565     82.53492     0.08      0.18     0.20     1 
1410480851   17.98541     82.56410    -0.01      0.12     0.12     1 
1410480852   17.98518     82.59327     0.07      0.17     0.18     1 
1410480853   17.98494     82.62245     0.06      0.15     0.16     1 
1410480854   17.98469     82.65162     0.01      0.09     0.09     1 
1410480855   17.98444     82.68080     0.04      0.11     0.12     1 
1410480856   17.98418     82.70997     0.06      0.04     0.07     1 
1410480857   17.98392     82.73914    -0.03      0.07     0.08     1 
1410480858   17.98366     82.76832     0.01      0.09     0.09     1 
1410480859   17.98339     82.79749     0.01      0.08     0.08     1 
1410480860   17.98312     82.82666     0.05      0.01     0.05     1 
1410480861   17.98284     82.85583    -0.06      0.08     0.10     1 
1410480862   17.98256     82.88500     0.01      0.07     0.07     1 
1410480863   17.98227     82.91417    -0.05      0.10     0.11     1 
1410480865   17.98169     82.97251     0.01     -0.05     0.05     1 
1410480866   17.98139     83.00168    -0.04      0.04     0.05     1 
1410480867   17.98109     83.03084     0.04     -0.08     0.09     1 
1410480868   17.98078     83.06001    -0.14     -0.03     0.14     1 
1410480869   17.98047     83.08918    -0.02     -0.01     0.02     1 
1410480870   17.98015     83.11834    -0.07      0.00     0.07     1 
1410480871   17.97983     83.14751    -0.06     -0.05     0.08     1 
1410480872   17.97950     83.17667     0.05     -0.00     0.05     1 
1410480873   17.97918     83.20584    -0.07      0.04     0.08     1 
1410480874   17.97884     83.23500     0.09     -0.05     0.10     1 
1410480875   17.97850     83.26416     0.12     -0.03     0.13     1 
1410480878   17.97746     83.35165     0.11      0.02     0.11     1 
1410480879   17.97711     83.38081     0.04      0.05     0.07     1 
1410480880   17.97675     83.40996     0.05      0.03     0.06     1 
1410480881   17.97638     83.43912     0.07      0.09     0.12     1 
1410480882   17.97601     83.46828     0.11     -0.03     0.11     1 
1410480884   17.97526     83.52660     0.03      0.03     0.05     1 
1410480885   17.97488     83.55575    -0.16      0.14     0.21     1 
1410480913   17.96343     82.18462    -0.09      0.25     0.26     1 
1410480915   17.96307     82.24297     0.07      0.16     0.18     1 
1410480916   17.96288     82.27215    -0.00      0.07     0.07     1 
1410480917   17.96269     82.30132     0.09      0.13     0.16     1 
1410480918   17.96249     82.33050     0.04      0.17     0.18     1 
1410480919   17.96229     82.35967     0.08      0.07     0.11     1 
1410480920   17.96208     82.38885     0.08      0.20     0.21     1 
1410480921   17.96187     82.41802     0.04      0.12     0.13     1 
1410480922   17.96165     82.44719     0.06      0.03     0.06     1 
1410480923   17.96143     82.47637     0.07      0.14     0.15     1 
1410480924   17.96121     82.50554     0.03      0.17     0.17     1 
1410480925   17.96098     82.53471     0.06      0.12     0.14     1 
1410480926   17.96075     82.56388     0.03      0.06     0.07     1 
1410480927   17.96051     82.59305    -0.03      0.14     0.14     1 
1410480928   17.96027     82.62222     0.06      0.02     0.06     1 
1410480929   17.96002     82.65139     0.08      0.07     0.11     1 
1410480930   17.95977     82.68056     0.00      0.05     0.05     1 
1410480931   17.95952     82.70973     0.13      0.03     0.13     1 
1410480932   17.95926     82.73890     0.01      0.00     0.01     1 
1410480933   17.95900     82.76807    -0.06      0.10     0.11     1 
1410480934   17.95873     82.79724     0.03      0.07     0.07     1 
1410480935   17.95846     82.82640     0.03      0.06     0.07     1 
1410480936   17.95818     82.85557    -0.16      0.11     0.20     1 
1410480937   17.95790     82.88474    -0.02     -0.05     0.06     1 
1410480938   17.95761     82.91390    -0.03      0.02     0.03     1 
1410480939   17.95732     82.94307     0.18     -0.08     0.20     1 
1410480942   17.95643     83.03056     0.09      0.09     0.13     1 
1410480943   17.95612     83.05972     0.04      0.00     0.04     1 
1410480944   17.95581     83.08889     0.01     -0.05     0.05     1 
1410480945   17.95549     83.11805    -0.04      0.01     0.04     1 
1410480946   17.95517     83.14721    -0.01      0.07     0.07     1 
1410480947   17.95485     83.17637    -0.11      0.02     0.11     1 
1410480948   17.95452     83.20553     0.05     -0.06     0.08     1 
1410480949   17.95418     83.23469    -0.01      0.04     0.04     1 
1410480950   17.95385     83.26385     0.06     -0.03     0.07     1 
1410480951   17.95350     83.29301     0.07     -0.02     0.07     1 
1410480952   17.95316     83.32216    -0.06     -0.12     0.13     1 
1410480954   17.95245     83.38048    -0.01      0.03     0.03     1 
1410480955   17.95209     83.40963     0.12      0.08     0.14     1 
1410480956   17.95173     83.43879     0.02     -0.04     0.05     1 
1410480957   17.95136     83.46794     0.10      0.09     0.14     1 
1410480958   17.95099     83.49709    -0.00     -0.12     0.12     1 
1410480959   17.95061     83.52625    -0.03     -0.04     0.05     1 
1410480987   17.93894     82.15528     0.11      0.23     0.26     1 
1410480990   17.93840     82.24280     0.01      0.20     0.20     1 
1410480991   17.93821     82.27197     0.11      0.23     0.26     1 
1410480992   17.93802     82.30114     0.15      0.14     0.20     1 
1410480993   17.93782     82.33031     0.02      0.14     0.14     1 
1410480994   17.93762     82.35948     0.03      0.16     0.16     1 
1410480995   17.93741     82.38865     0.01      0.16     0.16     1 
1410480996   17.93720     82.41782     0.05      0.14     0.15     1 
1410480997   17.93699     82.44699     0.13      0.15     0.20     1 
1410480998   17.93677     82.47616     0.02      0.07     0.08     1 
1410480999   17.93654     82.50533     0.04      0.12     0.13     1 
1410481000   17.93632     82.53450     0.04      0.11     0.12     1 
1410481001   17.93608     82.56367     0.01      0.11     0.11     1 
1410481002   17.93585     82.59283     0.03      0.09     0.09     1 
1410481003   17.93560     82.62200    -0.05      0.07     0.08     1 
1410481004   17.93536     82.65117     0.04     -0.09     0.09     1 
1410481005   17.93511     82.68033     0.15      0.19     0.24     1 
1410481006   17.93485     82.70950    -0.05      0.14     0.15     1 
1410481007   17.93460     82.73866    -0.04      0.05     0.06     1 
1410481008   17.93433     82.76783    -0.06      0.14     0.15     1 
1410481009   17.93407     82.79699     0.02      0.08     0.08     1 
1410481010   17.93379     82.82615    -0.04      0.15     0.16     1 
1410481011   17.93352     82.85532     0.11      0.01     0.11     1 
1410481013   17.93295     82.91364     0.10     -0.02     0.10     1 
1410481015   17.93237     82.97196    -0.01     -0.02     0.02     1 
1410481017   17.93177     83.03028    -0.09      0.02     0.09     1 
1410481018   17.93146     83.05944    -0.01     -0.12     0.12     1 
1410481019   17.93115     83.08860    -0.06     -0.00     0.06     1 
1410481020   17.93083     83.11776    -0.02     -0.07     0.08     1 
1410481021   17.93051     83.14691    -0.02      0.01     0.02     1 
1410481022   17.93019     83.17607    -0.04      0.02     0.04     1 
1410481023   17.92986     83.20522     0.04     -0.02     0.04     1 
1410481024   17.92953     83.23438    -0.01      0.02     0.02     1 
1410481025   17.92919     83.26353     0.07      0.02     0.07     1 
1410481026   17.92885     83.29269    -0.03     -0.03     0.04     1 
1410481027   17.92850     83.32184     0.05      0.02     0.05     1 
1410481028   17.92815     83.35099     0.06      0.08     0.10     1 
1410481031   17.92707     83.43845    -0.08     -0.09     0.12     1 
1410481032   17.92671     83.46760     0.05      0.03     0.06     1 
1410481064   17.91391     82.21346     0.00      0.04     0.04     1 
1410481065   17.91373     82.24263     0.07      0.09     0.12     1 
1410481066   17.91354     82.27179     0.16      0.17     0.23     1 
1410481067   17.91335     82.30096     0.16      0.15     0.22     1 
1410481068   17.91315     82.33013     0.06      0.20     0.21     1 
1410481069   17.91295     82.35930     0.05      0.16     0.17     1 
1410481070   17.91274     82.38846     0.07      0.08     0.11     1 
1410481071   17.91253     82.41763     0.05      0.16     0.17     1 
1410481072   17.91232     82.44679     0.07      0.10     0.12     1 
1410481073   17.91210     82.47596     0.03      0.11     0.12     1 
1410481074   17.91188     82.50512     0.08      0.03     0.09     1 
1410481075   17.91165     82.53428     0.06      0.16     0.17     1 
1410481076   17.91142     82.56345     0.04      0.16     0.16     1 
1410481077   17.91118     82.59261     0.08      0.09     0.12     1 
1410481078   17.91094     82.62177     0.07      0.11     0.13     1 
1410481079   17.91069     82.65094     0.01      0.17     0.17     1 
1410481080   17.91044     82.68010    -0.18      0.22     0.28     1 
1410481081   17.91019     82.70926     0.12      0.07     0.14     1 
1410481082   17.90993     82.73842     0.02      0.05     0.05     1 
1410481085   17.90913     82.82590     0.03      0.09     0.09     1 
1410481087   17.90857     82.88422    -0.13     -0.18     0.22     1 
1410481088   17.90829     82.91337     0.01      0.07     0.07     1 
1410481089   17.90800     82.94253    -0.11     -0.07     0.13     1 
1410481094   17.90649     83.08831    -0.15      0.10     0.18     1 
1410481095   17.90618     83.11746    -0.02     -0.15     0.15     1 
1410481096   17.90586     83.14661     0.08     -0.07     0.10     1 
1410481097   17.90553     83.17577    -0.03     -0.03     0.04     1 
1410481098   17.90520     83.20492     0.12     -0.08     0.14     1 
1410481099   17.90487     83.23407     0.01      0.01     0.01     1 
1410481101   17.90419     83.29237    -0.02      0.08     0.08     1 
1410481102   17.90385     83.32152     0.01     -0.09     0.09     1 
1410481103   17.90350     83.35067    -0.08     -0.04     0.09     1 
1410481104   17.90314     83.37982    -0.09     -0.11     0.14     1 
1410481105   17.90278     83.40896     0.10      0.04     0.11     1 
1410481106   17.90242     83.43811     0.09      0.16     0.18     1 
1410481136   17.88977     82.12580     0.06      0.27     0.28     1 
1410481137   17.88960     82.15496     0.04      0.30     0.30     1 
1410481138   17.88942     82.18413     0.02      0.09     0.09     1 
1410481139   17.88924     82.21329     0.03      0.22     0.22     1 
1410481140   17.88906     82.24246     0.07      0.07     0.10     1 
1410481141   17.88887     82.27162     0.04      0.08     0.09     1 
1410481142   17.88868     82.30078     0.11      0.04     0.12     1 
1410481143   17.88848     82.32994     0.01      0.09     0.09     1 
1410481144   17.88828     82.35911     0.09      0.14     0.16     1 
1410481145   17.88808     82.38827     0.02      0.09     0.09     1 
1410481146   17.88787     82.41743     0.16      0.11     0.20     1 
1410481147   17.88765     82.44659     0.15      0.09     0.18     1 
1410481148   17.88743     82.47575     0.09     -0.00     0.09     1 
1410481149   17.88721     82.50491    -0.01      0.07     0.07     1 
1410481150   17.88698     82.53407     0.01      0.04     0.04     1 
1410481151   17.88675     82.56323     0.00      0.11     0.11     1 
1410481152   17.88651     82.59239    -0.01     -0.00     0.01     1 
1410481153   17.88627     82.62155    -0.05      0.11     0.12     1 
1410481154   17.88603     82.65071    -0.13      0.18     0.22     1 
1410481155   17.88578     82.67987     0.01      0.15     0.15     1 
1410481156   17.88553     82.70902    -0.02      0.11     0.11     1 
1410481157   17.88527     82.73818    -0.01      0.04     0.04     1 
1410481158   17.88500     82.76734     0.02     -0.00     0.02     1 
1410481166   17.88275     83.00057     0.08      0.04     0.09     1 
1410481167   17.88245     83.02972    -0.04      0.18     0.19     1 
1410481169   17.88183     83.08802     0.01     -0.04     0.04     1 
1410481170   17.88152     83.11717     0.12      0.16     0.20     1 
1410481171   17.88120     83.14632     0.06     -0.07     0.09     1 
1410481172   17.88087     83.17547    -0.03      0.09     0.09     1 
1410481173   17.88055     83.20462     0.13      0.05     0.14     1 
1410481174   17.88021     83.23376     0.14     -0.04     0.14     1 
1410481175   17.87988     83.26291     0.02      0.07     0.08     1 
1410481176   17.87954     83.29205    -0.06      0.19     0.20     1 
1410481177   17.87919     83.32120     0.07      0.02     0.07     1 
1410481178   17.87884     83.35034    -0.07     -0.00     0.07     1 
1410481179   17.87849     83.37949     0.07      0.06     0.09     1 
1410481180   17.87813     83.40863     0.02      0.03     0.04     1 
1410481181   17.87777     83.43777     0.01      0.07     0.07     1 
1410481212   17.86493     82.15480     0.06      0.32     0.32     1 
1410481213   17.86475     82.18396     0.05      0.17     0.17     1 
1410481214   17.86457     82.21312     0.16      0.13     0.20     1 
1410481215   17.86439     82.24228     0.10      0.15     0.18     1 
1410481216   17.86420     82.27144     0.09      0.11     0.14     1 
1410481217   17.86401     82.30060     0.10      0.01     0.10     1 
1410481218   17.86381     82.32976     0.15      0.09     0.17     1 
1410481219   17.86361     82.35892     0.06      0.12     0.13     1 
1410481220   17.86341     82.38808     0.03      0.01     0.04     1 
1410481221   17.86320     82.41724     0.04      0.16     0.17     1 
1410481222   17.86298     82.44639     0.03      0.11     0.11     1 
1410481223   17.86276     82.47555     0.10      0.08     0.12     1 
1410481224   17.86254     82.50471    -0.05      0.01     0.05     1 
1410481225   17.86231     82.53386     0.03      0.08     0.08     1 
1410481226   17.86208     82.56302     0.02      0.09     0.09     1 
1410481227   17.86185     82.59217     0.10      0.14     0.17     1 
1410481228   17.86161     82.62133     0.14      0.14     0.20     1 
1410481229   17.86136     82.65048     0.07      0.09     0.11     1 
1410481230   17.86111     82.67963    -0.02      0.14     0.14     1 
1410481231   17.86086     82.70879    -0.10      0.07     0.12     1 
1410481238   17.85897     82.91285    -0.21      0.08     0.23     1 
1410481239   17.85868     82.94200    -0.04     -0.07     0.08     1 
1410481242   17.85779     83.02944     0.05     -0.06     0.08     1 
1410481243   17.85748     83.05858    -0.01     -0.06     0.06     1 
1410481244   17.85717     83.08773     0.07      0.04     0.08     1 
1410481245   17.85686     83.11688     0.16     -0.00     0.16     1 
1410481246   17.85654     83.14602     0.03     -0.01     0.03     1 
1410481248   17.85589     83.20431     0.04     -0.05     0.07     1 
1410481249   17.85556     83.23345     0.13     -0.01     0.13     1 
1410481250   17.85522     83.26260     0.09      0.00     0.09     1 
1410481251   17.85488     83.29174     0.06      0.04     0.07     1 
1410481252   17.85454     83.32088    -0.16      0.12     0.20     1 
1410481253   17.85419     83.35002     0.05     -0.01     0.05     1 
1410481254   17.85383     83.37916     0.27      0.10     0.29     1 
1410481255   17.85348     83.40830    -0.21     -0.24     0.32     1 
1410481287   17.84026     82.15464     0.02      0.19     0.19     1 
1410481288   17.84008     82.18380     0.11      0.16     0.19     1 
1410481289   17.83990     82.21296     0.00      0.26     0.26     1 
1410481290   17.83972     82.24211     0.12     -0.00     0.12     1 
1410481291   17.83953     82.27127     0.02      0.18     0.18     1 
1410481292   17.83934     82.30042     0.01      0.20     0.20     1 
1410481293   17.83914     82.32958     0.11      0.05     0.12     1 
1410481294   17.83894     82.35873     0.06      0.05     0.08     1 
1410481295   17.83874     82.38789     0.03      0.03     0.04     1 
1410481296   17.83853     82.41704     0.08      0.05     0.10     1 
1410481297   17.83831     82.44619     0.07      0.02     0.07     1 
1410481298   17.83810     82.47535     0.05      0.13     0.13     1 
1410481299   17.83787     82.50450     0.11      0.19     0.22     1 
1410481300   17.83765     82.53365     0.06      0.02     0.07     1 
1410481301   17.83742     82.56280     0.05      0.07     0.09     1 
1410481302   17.83718     82.59195     0.17      0.07     0.19     1 
1410481303   17.83694     82.62110    -0.13      0.05     0.14     1 
1410481304   17.83670     82.65025    -0.01      0.01     0.01     1 
1410481305   17.83645     82.67940     0.05      0.04     0.07     1 
1410481306   17.83620     82.70855     0.03      0.09     0.10     1 
1410481307   17.83594     82.73770    -0.00      0.05     0.05     1 
1410481308   17.83568     82.76685    -0.00      0.13     0.13     1 
1410481309   17.83541     82.79600    -0.02      0.15     0.15     1 
1410481310   17.83514     82.82514     0.10      0.18     0.20     1 
1410481314   17.83402     82.94173     0.11      0.05     0.12     1 
1410481316   17.83343     83.00002     0.08      0.10     0.13     1 
1410481317   17.83313     83.02916     0.15      0.03     0.15     1 
1410481318   17.83282     83.05830    -0.04     -0.00     0.04     1 
1410481319   17.83251     83.08744    -0.08      0.01     0.08     1 
1410481321   17.83188     83.14573     0.02      0.03     0.04     1 
1410481322   17.83156     83.17487    -0.01     -0.08     0.08     1 
1410481323   17.83123     83.20401     0.04     -0.10     0.11     1 
1410481324   17.83090     83.23315     0.02      0.04     0.05     1 
1410481325   17.83056     83.26228    -0.01      0.09     0.09     1 
1410481326   17.83022     83.29142    -0.06      0.12     0.13     1 
1410481327   17.82988     83.32056     0.04      0.05     0.06     1 
1410481328   17.82953     83.34970     0.09     -0.01     0.09     1 
1410481329   17.82918     83.37883     0.07      0.04     0.08     1 
1410481330   17.82882     83.40797     0.03     -0.22     0.22     1 
1410481361   17.81576     82.12533     0.05      0.12     0.13     1 
1410481362   17.81559     82.15448    -0.07      0.24     0.25     1 
1410481363   17.81541     82.18364     0.08      0.10     0.13     1 
1410481364   17.81523     82.21279    -0.01      0.19     0.19     1 
1410481365   17.81505     82.24194     0.14      0.13     0.19     1 
1410481366   17.81486     82.27109     0.15      0.04     0.16     1 
1410481367   17.81467     82.30024    -0.03      0.12     0.12     1 
1410481368   17.81447     82.32940     0.08      0.06     0.10     1 
1410481369   17.81427     82.35855     0.06      0.09     0.10     1 
1410481370   17.81407     82.38769     0.03      0.08     0.08     1 
1410481371   17.81386     82.41684     0.06      0.09     0.11     1 
1410481372   17.81365     82.44599     0.07      0.05     0.09     1 
1410481373   17.81343     82.47514     0.05      0.11     0.13     1 
1410481374   17.81321     82.50429    -0.11      0.02     0.11     1 
1410481375   17.81298     82.53344    -0.02      0.02     0.03     1 
1410481376   17.81275     82.56259    -0.08      0.06     0.10     1 
1410481377   17.81251     82.59173    -0.08      0.14     0.15     1 
1410481378   17.81227     82.62088     0.04      0.01     0.04     1 
1410481379   17.81203     82.65003    -0.10      0.01     0.10     1 
1410481380   17.81178     82.67917    -0.01      0.18     0.18     1 
1410481381   17.81153     82.70832    -0.14      0.15     0.21     1 
1410481382   17.81127     82.73746    -0.03     -0.04     0.05     1 
1410481383   17.81101     82.76661     0.00      0.08     0.08     1 
1410481384   17.81075     82.79575     0.12      0.09     0.15     1 
1410481386   17.81020     82.85403    -0.06     -0.06     0.08     1 
1410481390   17.80906     82.97060     0.04      0.06     0.07     1 
1410481391   17.80877     82.99974    -0.01     -0.05     0.05     1 
1410481392   17.80847     83.02888     0.08     -0.01     0.08     1 
1410481393   17.80816     83.05802     0.05      0.01     0.05     1 
1410481395   17.80754     83.11629     0.05     -0.02     0.05     1 
1410481397   17.80690     83.17457     0.03      0.03     0.04     1 
1410481398   17.80657     83.20370    -0.01     -0.05     0.05     1 
1410481399   17.80624     83.23284     0.10      0.01     0.10     1 
1410481401   17.80557     83.29111     0.05      0.05     0.07     1 
1410481402   17.80523     83.32024     0.03      0.27     0.28     1 
1410481403   17.80488     83.34937     0.03      0.08     0.09     1 
1410481404   17.80453     83.37851     0.04      0.07     0.08     1 
1410481436   17.79108     82.12518     0.07      0.11     0.13     1 
1410481437   17.79091     82.15433     0.09      0.16     0.18     1 
1410481438   17.79074     82.18348     0.09      0.06     0.11     1 
1410481439   17.79056     82.21262     0.05      0.10     0.11     1 
1410481440   17.79038     82.24177     0.05      0.13     0.14     1 
1410481441   17.79019     82.27092    -0.03      0.05     0.06     1 
1410481442   17.79000     82.30007     0.09      0.01     0.09     1 
1410481443   17.78981     82.32921     0.08      0.03     0.08     1 
1410481444   17.78961     82.35836    -0.04      0.05     0.06     1 
1410481445   17.78940     82.38750    -0.11      0.09     0.14     1 
1410481446   17.78919     82.41665    -0.01      0.12     0.12     1 
1410481447   17.78898     82.44580    -0.05      0.05     0.07     1 
1410481448   17.78876     82.47494     0.00     -0.04     0.04     1 
1410481449   17.78854     82.50408    -0.19      0.13     0.23     1 
1410481450   17.78831     82.53323    -0.06      0.10     0.11     1 
1410481451   17.78808     82.56237    -0.09      0.06     0.10     1 
1410481452   17.78785     82.59152    -0.09      0.04     0.10     1 
1410481453   17.78761     82.62066    -0.08     -0.05     0.09     1 
1410481454   17.78737     82.64980    -0.01      0.12     0.12     1 
1410481455   17.78712     82.67894    -0.01     -0.04     0.04     1 
1410481456   17.78686     82.70808    -0.01      0.08     0.08     1 
1410481457   17.78661     82.73722    -0.04      0.04     0.06     1 
1410481458   17.78635     82.76636     0.11     -0.00     0.11     1 
1410481462   17.78526     82.88292     0.13      0.06     0.14     1 
1410481463   17.78498     82.91206     0.02     -0.01     0.03     1 
1410481465   17.78440     82.97033     0.14     -0.09     0.16     1 
1410481466   17.78411     82.99947     0.03     -0.10     0.11     1 
1410481467   17.78381     83.02860     0.14     -0.04     0.14     1 
1410481468   17.78350     83.05774    -0.13      0.15     0.20     1 
1410481469   17.78319     83.08687     0.04      0.10     0.11     1 
1410481470   17.78288     83.11600     0.06     -0.03     0.07     1 
1410481471   17.78256     83.14514     0.00      0.02     0.02     1 
1410481473   17.78192     83.20340     0.16     -0.02     0.16     1 
1410481474   17.78159     83.23253     0.09     -0.02     0.09     1 
1410481475   17.78125     83.26166     0.13     -0.06     0.14     1 
1410481476   17.78091     83.29079    -0.01      0.06     0.07     1 
1410481477   17.78057     83.31992     0.06      0.08     0.10     1 
1410481478   17.78022     83.34905     0.09     -0.07     0.11     1 
1410481479   17.77987     83.37818    -0.10      0.12     0.16     1 
1410481510   17.76658     82.09588     0.10      0.16     0.19     1 
1410481511   17.76641     82.12502     0.00      0.16     0.16     1 
1410481512   17.76624     82.15417     0.11      0.05     0.12     1 
1410481513   17.76607     82.18331     0.13      0.03     0.14     1 
1410481514   17.76589     82.21246     0.04      0.14     0.15     1 
1410481515   17.76571     82.24160     0.04      0.05     0.07     1 
1410481516   17.76552     82.27074     0.01     -0.07     0.07     1 
1410481517   17.76533     82.29989     0.13      0.13     0.19     1 
1410481518   17.76514     82.32903    -0.09      0.21     0.23     1 
1410481519   17.76494     82.35817     0.01     -0.23     0.23     1 
1410481520   17.76473     82.38731     0.02      0.03     0.04     1 
1410481521   17.76452     82.41646     0.03     -0.10     0.10     1 
1410481522   17.76431     82.44560    -0.04      0.05     0.07     1 
1410481523   17.76409     82.47474    -0.01      0.03     0.03     1 
1410481524   17.76387     82.50388     0.20     -0.10     0.22     1 
1410481525   17.76365     82.53302    -0.00      0.02     0.02     1 
1410481526   17.76342     82.56216    -0.11     -0.01     0.11     1 
1410481527   17.76318     82.59130    -0.10     -0.02     0.10     1 
1410481528   17.76294     82.62044     0.05      0.02     0.06     1 
1410481529   17.76270     82.64957    -0.12     -0.03     0.13     1 
1410481530   17.76245     82.67871     0.11     -0.01     0.11     1 
1410481532   17.76194     82.73699     0.04      0.08     0.09     1 
1410481534   17.76142     82.79526     0.08     -0.04     0.09     1 
1410481536   17.76088     82.85353     0.12     -0.00     0.12     1 
1410481539   17.76003     82.94093     0.03     -0.01     0.03     1 
1410481541   17.75944     82.99919    -0.01      0.04     0.05     1 
1410481542   17.75915     83.02832     0.07      0.05     0.08     1 
1410481543   17.75884     83.05745    -0.09     -0.06     0.11     1 
1410481544   17.75853     83.08658     0.10     -0.07     0.13     1 
1410481545   17.75822     83.11571     0.03      0.06     0.06     1 
1410481546   17.75790     83.14484     0.02      0.05     0.06     1 
1410481548   17.75726     83.20310    -0.01      0.08     0.08     1 
1410481549   17.75693     83.23223     0.06      0.03     0.07     1 
1410481550   17.75659     83.26135     0.08      0.03     0.08     1 
1410481552   17.75591     83.31960     0.07     -0.02     0.07     1 
1410481553   17.75557     83.34873     0.07      0.09     0.12     1 
1410481585   17.74191     82.09573     0.03      0.10     0.11     1 
1410481586   17.74174     82.12487    -0.06      0.12     0.14     1 
1410481587   17.74157     82.15401     0.18      0.06     0.19     1 
1410481588   17.74140     82.18315    -0.00      0.06     0.06     1 
1410481589   17.74122     82.21229     0.19      0.14     0.23     1 
1410481590   17.74104     82.24143     0.06      0.12     0.14     1 
1410481591   17.74085     82.27057    -0.03      0.04     0.05     1 
1410481592   17.74066     82.29971     0.00      0.07     0.07     1 
1410481593   17.74047     82.32885    -0.05      0.03     0.06     1 
1410481594   17.74027     82.35799    -0.09     -0.03     0.09     1 
1410481595   17.74006     82.38712    -0.05      0.01     0.06     1 
1410481596   17.73985     82.41626    -0.02      0.03     0.03     1 
1410481597   17.73964     82.44540    -0.10      0.08     0.13     1 
1410481598   17.73943     82.47454    -0.05      0.11     0.12     1 
1410481599   17.73920     82.50367     0.04      0.04     0.05     1 
1410481600   17.73898     82.53281    -0.03     -0.03     0.04     1 
1410481601   17.73875     82.56194    -0.04      0.01     0.04     1 
1410481604   17.73803     82.64935     0.03     -0.02     0.03     1 
1410481606   17.73754     82.70761     0.06     -0.03     0.06     1 
1410481607   17.73728     82.73675     0.00      0.03     0.03     1 
1410481608   17.73702     82.76588    -0.02      0.15     0.16     1 
1410481609   17.73675     82.79501     0.02      0.04     0.04     1 
1410481612   17.73594     82.88240     0.01      0.02     0.02     1 
1410481616   17.73478     82.99892    -0.01     -0.05     0.05     1 
1410481617   17.73448     83.02805     0.10      0.04     0.10     1 
1410481618   17.73418     83.05717    -0.06     -0.05     0.08     1 
1410481619   17.73387     83.08630     0.01     -0.18     0.18     1 
1410481621   17.73325     83.14455     0.17     -0.01     0.17     1 
1410481622   17.73293     83.17367     0.09     -0.04     0.10     1 
1410481623   17.73260     83.20280    -0.11      0.06     0.12     1 
1410481624   17.73227     83.23192    -0.11      0.06     0.13     1 
1410481625   17.73194     83.26104     0.03      0.03     0.04     1 
1410481626   17.73160     83.29017    -0.07      0.14     0.16     1 
1410481627   17.73126     83.31929     0.00      0.05     0.05     1 
1410481628   17.73091     83.34841    -0.02      0.34     0.34     1 
1410481660   17.71723     82.09558    -0.27      0.02     0.27     1 
1410481661   17.71707     82.12471    -0.07      0.26     0.27     1 
1410481662   17.71690     82.15385    -0.09      0.13     0.16     1 
1410481663   17.71673     82.18299     0.03     -0.01     0.03     1 
1410481664   17.71655     82.21213     0.01      0.04     0.04     1 
1410481665   17.71637     82.24126     0.09      0.09     0.13     1 
1410481666   17.71618     82.27040    -0.04      0.08     0.09     1 
1410481667   17.71599     82.29953     0.22      0.05     0.23     1 
1410481668   17.71580     82.32867    -0.02      0.04     0.05     1 
1410481669   17.71560     82.35780    -0.04      0.10     0.11     1 
1410481670   17.71539     82.38693     0.02      0.04     0.05     1 
1410481671   17.71519     82.41607    -0.14      0.07     0.16     1 
1410481672   17.71497     82.44520    -0.02     -0.01     0.02     1 
1410481673   17.71476     82.47433    -0.13      0.08     0.16     1 
1410481674   17.71454     82.50347     0.02      0.09     0.09     1 
1410481675   17.71431     82.53260    -0.12      0.07     0.14     1 
1410481679   17.71337     82.64912     0.00     -0.01     0.01     1 
1410481685   17.71182     82.82389    -0.06      0.01     0.06     1 
1410481686   17.71155     82.85302     0.01     -0.04     0.04     1 
1410481687   17.71127     82.88214     0.08     -0.22     0.24     1 
1410481688   17.71099     82.91127     0.09      0.04     0.10     1 
1410481689   17.71071     82.94040    -0.06      0.06     0.08     1 
1410481690   17.71042     82.96952     0.06     -0.04     0.07     1 
1410481691   17.71012     82.99864     0.03     -0.10     0.10     1 
1410481692   17.70982     83.02777    -0.01      0.06     0.07     1 
1410481693   17.70952     83.05689     0.03     -0.12     0.13     1 
1410481695   17.70890     83.11513     0.08     -0.07     0.11     1 
1410481696   17.70859     83.14426     0.12     -0.07     0.14     1 
1410481697   17.70827     83.17338     0.03     -0.04     0.05     1 
1410481698   17.70794     83.20250    -0.01     -0.03     0.03     1 
1410481699   17.70761     83.23162     0.06     -0.12     0.14     1 
1410481700   17.70728     83.26073    -0.01      0.08     0.08     1 
1410481701   17.70694     83.28985     0.16      0.06     0.17     1 
1410481735   17.69256     82.09543    -0.10      0.19     0.22     1 
1410481736   17.69240     82.12456    -0.07      0.09     0.11     1 
1410481737   17.69223     82.15369    -0.12      0.06     0.13     1 
1410481738   17.69206     82.18283    -0.05      0.13     0.14     1 
1410481739   17.69188     82.21196     0.09      0.02     0.09     1 
1410481740   17.69170     82.24109    -0.08      0.05     0.10     1 
1410481741   17.69151     82.27022    -0.15      0.04     0.15     1 
1410481742   17.69132     82.29935    -0.01      0.02     0.02     1 
1410481743   17.69113     82.32848    -0.10     -0.02     0.10     1 
1410481744   17.69093     82.35761    -0.06     -0.06     0.08     1 
1410481745   17.69073     82.38675    -0.02      0.03     0.04     1 
1410481746   17.69052     82.41587    -0.01      0.09     0.09     1 
1410481747   17.69030     82.44500     0.03     -0.00     0.03     1 
1410481748   17.69009     82.47413    -0.12      0.05     0.13     1 
1410481749   17.68987     82.50326    -0.14      0.15     0.20     1 
1410481750   17.68964     82.53239     0.06     -0.12     0.13     1 
1410481751   17.68942     82.56152    -0.01     -0.01     0.01     1 
1410481758   17.68769     82.76540     0.02     -0.05     0.06     1 
1410481759   17.68743     82.79452     0.20     -0.11     0.23     1 
1410481760   17.68716     82.82364    -0.14      0.17     0.21     1 
1410481761   17.68689     82.85277    -0.03     -0.09     0.09     1 
1410481762   17.68661     82.88189    -0.01     -0.14     0.14     1 
1410481763   17.68633     82.91101     0.03     -0.08     0.08     1 
1410481764   17.68604     82.94013    -0.05     -0.02     0.05     1 
1410481765   17.68576     82.96925    -0.07      0.02     0.07     1 
1410481766   17.68546     82.99837     0.03      0.01     0.03     1 
1410481767   17.68516     83.02749     0.03      0.04     0.05     1 
1410481768   17.68486     83.05661    -0.08     -0.10     0.13     1 
1410481769   17.68455     83.08573     0.03     -0.12     0.12     1 
1410481770   17.68424     83.11485     0.01      0.06     0.06     1 
1410481771   17.68393     83.14396     0.04     -0.00     0.04     1 
1410481772   17.68361     83.17308     0.09     -0.01     0.09     1 
1410481773   17.68328     83.20220     0.02      0.04     0.04     1 
1410481774   17.68296     83.23131    -0.00      0.01     0.01     1 
1410481775   17.68262     83.26042     0.00     -0.02     0.02     1 
1410481776   17.68229     83.28954     0.07     -0.11     0.13     1 
1410481810   17.66789     82.09528     0.07      0.21     0.22     1 
1410481811   17.66773     82.12441    -0.22      0.00     0.22     1 
1410481812   17.66756     82.15354    -0.21      0.07     0.23     1 
1410481813   17.66739     82.18267    -0.06      0.04     0.07     1 
1410481814   17.66721     82.21179    -0.08     -0.02     0.08     1 
1410481815   17.66703     82.24092    -0.07      0.02     0.07     1 
1410481816   17.66684     82.27005    -0.14      0.10     0.17     1 
1410481817   17.66665     82.29918     0.03     -0.02     0.03     1 
1410481818   17.66646     82.32830    -0.03      0.09     0.09     1 
1410481819   17.66626     82.35743     0.04      0.03     0.05     1 
1410481820   17.66606     82.38656    -0.04      0.02     0.04     1 
1410481821   17.66585     82.41568     0.00      0.08     0.08     1 
1410481824   17.66520     82.50306    -0.03     -0.06     0.07     1 
1410481828   17.66428     82.61955     0.08      0.14     0.16     1 
1410481832   17.66328     82.73604     0.12      0.07     0.14     1 
1410481833   17.66303     82.76515     0.11     -0.00     0.11     1 
1410481834   17.66276     82.79427     0.01     -0.04     0.04     1 
1410481836   17.66222     82.85251     0.08      0.03     0.09     1 
1410481837   17.66195     82.88163     0.06     -0.09     0.10     1 
1410481838   17.66167     82.91075    -0.02      0.00     0.02     1 
1410481839   17.66138     82.93987     0.05     -0.07     0.08     1 
1410481840   17.66109     82.96898    -0.08      0.01     0.08     1 
1410481842   17.66050     83.02721     0.02     -0.15     0.15     1 
1410481843   17.66020     83.05633    -0.11      0.01     0.11     1 
1410481844   17.65989     83.08544     0.05     -0.10     0.12     1 
1410481845   17.65958     83.11456     0.05     -0.11     0.12     1 
1410481846   17.65927     83.14367    -0.03      0.04     0.05     1 
1410481847   17.65895     83.17278     0.08     -0.10     0.13     1 
1410481848   17.65863     83.20189     0.12      0.09     0.14     1 
1410481849   17.65830     83.23101     0.06     -0.06     0.08     1 
1410481850   17.65797     83.26012     0.17      0.08     0.19     1 
1410481884   17.64338     82.06600     0.03      0.14     0.15     1 
1410481885   17.64322     82.09513     0.08      0.00     0.08     1 
1410481886   17.64306     82.12426    -0.00      0.06     0.06     1 
1410481887   17.64289     82.15338    -0.20      0.01     0.20     1 
1410481888   17.64271     82.18250    -0.07     -0.00     0.07     1 
1410481889   17.64254     82.21163    -0.04      0.08     0.09     1 
1410481890   17.64236     82.24075    -0.22     -0.05     0.22     1 
1410481891   17.64217     82.26988    -0.04      0.11     0.11     1 
1410481892   17.64198     82.29900    -0.01     -0.00     0.01     1 
1410481893   17.64179     82.32812    -0.10     -0.03     0.10     1 
1410481894   17.64159     82.35725     0.09     -0.01     0.09     1 
1410481895   17.64139     82.38637    -0.05      0.06     0.08     1 
1410481896   17.64118     82.41549    -0.01      0.10     0.10     1 
1410481899   17.64053     82.50285    -0.00     -0.00     0.01     1 
1410481900   17.64031     82.53197     0.06     -0.17     0.18     1 
1410481901   17.64008     82.56109     0.21     -0.07     0.22     1 
1410481902   17.63985     82.59021     0.01      0.08     0.08     1 
1410481903   17.63961     82.61933     0.06      0.18     0.18     1 
1410481907   17.63862     82.73580    -0.03      0.09     0.10     1 
1410481908   17.63836     82.76492     0.05     -0.01     0.05     1 
1410481911   17.63756     82.85226     0.25     -0.13     0.29     1 
1410481912   17.63728     82.88138     0.08     -0.04     0.09     1 
1410481914   17.63672     82.93960     0.22      0.01     0.22     1 
1410481917   17.63584     83.02694    -0.01     -0.08     0.08     1 
1410481919   17.63523     83.08516     0.06     -0.04     0.08     1 
1410481920   17.63492     83.11427    -0.02      0.06     0.06     1 
1410481921   17.63461     83.14338     0.10      0.03     0.10     1 
1410481922   17.63429     83.17249     0.00      0.05     0.05     1 
1410481923   17.63397     83.20159     0.02     -0.03     0.04     1 
1410481924   17.63364     83.23070     0.05     -0.25     0.25     1 
1410481959   17.61871     82.06586    -0.01     -0.03     0.04     1 
1410481960   17.61855     82.09498     0.04      0.07     0.08     1 
1410481961   17.61838     82.12410    -0.02     -0.04     0.04     1 
1410481962   17.61822     82.15322    -0.04      0.10     0.11     1 
1410481963   17.61804     82.18234    -0.03      0.12     0.13     1 
1410481964   17.61787     82.21146    -0.02      0.06     0.06     1 
1410481965   17.61769     82.24058     0.05      0.03     0.06     1 
1410481966   17.61750     82.26970     0.14     -0.04     0.14     1 
1410481967   17.61731     82.29882     0.01      0.08     0.08     1 
1410481968   17.61712     82.32794    -0.02     -0.00     0.02     1 
1410481969   17.61692     82.35706    -0.05      0.11     0.13     1 
1410481970   17.61672     82.38618    -0.08      0.00     0.08     1 
1410481971   17.61651     82.41530    -0.04      0.10     0.11     1 
1410481973   17.61608     82.47353    -0.08      0.01     0.08     1 
1410481974   17.61586     82.50265    -0.15     -0.02     0.15     1 
1410481975   17.61564     82.53176    -0.07      0.10     0.12     1 
1410481976   17.61541     82.56088    -0.14     -0.25     0.29     1 
1410481979   17.61470     82.64822    -0.09     -0.04     0.10     1 
1410481980   17.61446     82.67734    -0.06     -0.02     0.06     1 
1410481982   17.61396     82.73556    -0.07      0.14     0.16     1 
1410481984   17.61343     82.79379     0.09     -0.02     0.09     1 
1410481985   17.61317     82.82290     0.02      0.00     0.02     1 
1410481986   17.61290     82.85201    -0.04     -0.08     0.09     1 
1410481987   17.61262     82.88112     0.05     -0.05     0.07     1 
1410481996   17.60995     83.14309    -0.12     -0.02     0.13     1 
1410481998   17.60931     83.20130    -0.04      0.18     0.19     1 
1410481999   17.60898     83.23040    -0.16      0.02     0.16     1 
1410482034   17.59404     82.06571     0.06      0.04     0.07     1 
1410482035   17.59388     82.09483    -0.07      0.18     0.20     1 
1410482036   17.59371     82.12395    -0.01      0.03     0.03     1 
1410482037   17.59354     82.15307    -0.15      0.15     0.21     1 
1410482038   17.59337     82.18218    -0.02     -0.07     0.07     1 
1410482039   17.59320     82.21130    -0.09      0.13     0.16     1 
1410482040   17.59302     82.24041    -0.04     -0.02     0.05     1 
1410482041   17.59283     82.26953     0.06      0.02     0.06     1 
1410482042   17.59264     82.29865    -0.01      0.05     0.05     1 
1410482043   17.59245     82.32776    -0.05     -0.04     0.06     1 
1410482044   17.59225     82.35688    -0.03      0.04     0.05     1 
1410482045   17.59205     82.38599     0.00      0.01     0.01     1 
1410482046   17.59184     82.41510     0.21     -0.02     0.21     1 
1410482047   17.59163     82.44422    -0.03     -0.00     0.03     1 
1410482048   17.59142     82.47333     0.02      0.03     0.03     1 
1410482049   17.59120     82.50244    -0.04     -0.02     0.05     1 
1410482050   17.59097     82.53155    -0.19     -0.04     0.20     1 
1410482055   17.58979     82.67711    -0.06      0.16     0.17     1 
1410482057   17.58929     82.73533     0.09      0.08     0.12     1 
1410482058   17.58903     82.76444    -0.03      0.08     0.09     1 
1410482059   17.58877     82.79354     0.09     -0.10     0.14     1 
1410482060   17.58850     82.82265     0.17     -0.16     0.24     1 
1410482061   17.58823     82.85176    -0.11      0.07     0.14     1 
1410482064   17.58740     82.93908     0.20      0.00     0.20     1 
1410482065   17.58711     82.96818     0.12      0.05     0.13     1 
1410482066   17.58682     82.99728    -0.12      0.10     0.15     1 
1410482068   17.58622     83.05549     0.02      0.03     0.03     1 
1410482071   17.58529     83.14280    -0.06      0.15     0.16     1 
1410482109   17.56936     82.06557     0.08      0.14     0.16     1 
1410482110   17.56920     82.09468     0.06      0.04     0.07     1 
1410482111   17.56904     82.12380    -0.03      0.12     0.12     1 
1410482112   17.56887     82.15291     0.00      0.11     0.11     1 
1410482113   17.56870     82.18202     0.12      0.01     0.12     1 
1410482114   17.56853     82.21113     0.01     -0.09     0.09     1 
1410482115   17.56835     82.24025    -0.08      0.02     0.08     1 
1410482116   17.56816     82.26936     0.08      0.01     0.08     1 
1410482117   17.56797     82.29847    -0.20     -0.00     0.20     1 
1410482118   17.56778     82.32758    -0.08     -0.13     0.15     1 
1410482119   17.56758     82.35669     0.03      0.01     0.04     1 
1410482120   17.56738     82.38580     0.16     -0.02     0.16     1 
1410482121   17.56717     82.41491     0.07      0.02     0.07     1 
1410482122   17.56696     82.44402     0.05      0.07     0.09     1 
1410482123   17.56675     82.47313     0.01     -0.01     0.01     1 
1410482124   17.56653     82.50224    -0.07      0.06     0.09     1 
1410482125   17.56631     82.53135    -0.04      0.14     0.15     1 
1410482126   17.56608     82.56046    -0.00     -0.06     0.06     1 
1410482128   17.56561     82.61867     0.01     -0.01     0.01     1 
1410482129   17.56537     82.64777    -0.04      0.04     0.05     1 
1410482132   17.56462     82.73509     0.11      0.07     0.13     1 
1410482133   17.56437     82.76420    -0.02     -0.06     0.07     1 
1410482134   17.56411     82.79330    -0.05     -0.11     0.11     1 
1410482135   17.56384     82.82240     0.00     -0.02     0.02     1 
1410482136   17.56357     82.85151     0.03     -0.08     0.08     1 
1410482138   17.56302     82.90971     0.03     -0.02     0.04     1 
1410482139   17.56273     82.93881    -0.00     -0.16     0.16     1 
1410482140   17.56245     82.96791    -0.07     -0.09     0.11     1 
1410482143   17.56156     83.05521    -0.07      0.04     0.09     1 
1410482145   17.56095     83.11341     0.09     -0.00     0.09     1 
1410482146   17.56063     83.14251    -0.06     -0.09     0.11     1 
1410482147   17.56031     83.17160     0.08     -0.10     0.12     1 
1410482184   17.54469     82.06543     0.05      0.18     0.19     1 
1410482185   17.54453     82.09453    -0.01      0.05     0.05     1 
1410482186   17.54437     82.12364     0.02      0.06     0.07     1 
1410482187   17.54420     82.15275    -0.07      0.02     0.08     1 
1410482188   17.54403     82.18186     0.04     -0.07     0.08     1 
1410482189   17.54385     82.21097    -0.04      0.09     0.10     1 
1410482191   17.54349     82.26919     0.07     -0.07     0.10     1 
1410482192   17.54330     82.29829    -0.07     -0.06     0.09     1 
1410482193   17.54311     82.32740     0.08     -0.10     0.13     1 
1410482194   17.54291     82.35651     0.04      0.00     0.04     1 
1410482195   17.54271     82.38561    -0.16      0.02     0.16     1 
1410482196   17.54250     82.41472     0.04      0.01     0.04     1 
1410482197   17.54229     82.44383     0.03     -0.06     0.07     1 
1410482198   17.54208     82.47293     0.13     -0.08     0.15     1 
1410482199   17.54186     82.50204     0.04     -0.01     0.04     1 
1410482200   17.54164     82.53114     0.04     -0.07     0.08     1 
1410482201   17.54141     82.56024    -0.05     -0.04     0.06     1 
1410482202   17.54118     82.58935    -0.05     -0.04     0.06     1 
1410482203   17.54094     82.61845    -0.01     -0.13     0.13     1 
1410482204   17.54070     82.64755    -0.07     -0.03     0.07     1 
1410482205   17.54046     82.67665    -0.03      0.05     0.06     1 
1410482206   17.54021     82.70576     0.09     -0.17     0.19     1 
1410482207   17.53996     82.73486    -0.13     -0.08     0.15     1 
1410482208   17.53970     82.76396    -0.03     -0.01     0.03     1 
1410482209   17.53944     82.79306    -0.01     -0.03     0.03     1 
1410482210   17.53918     82.82216    -0.16      0.06     0.17     1 
1410482211   17.53891     82.85126     0.05      0.15     0.16     1 
1410482213   17.53835     82.90945     0.06      0.05     0.08     1 
1410482216   17.53749     82.99674     0.08     -0.00     0.08     1 
1410482217   17.53720     83.02584     0.21      0.12     0.24     1 
1410482218   17.53690     83.05493     0.09     -0.06     0.10     1 
1410482219   17.53659     83.08403    -0.29      0.08     0.30     1 
1410482259   17.52002     82.06528     0.07      0.13     0.15     1 
1410482260   17.51986     82.09439     0.04      0.11     0.12     1 
1410482261   17.51970     82.12349    -0.13      0.25     0.28     1 
1410482262   17.51953     82.15260    -0.06      0.08     0.10     1 
1410482263   17.51936     82.18170    -0.11     -0.01     0.11     1 
1410482264   17.51918     82.21081     0.03      0.05     0.06     1 
1410482265   17.51900     82.23991     0.05      0.11     0.12     1 
1410482266   17.51882     82.26901     0.04     -0.05     0.07     1 
1410482267   17.51863     82.29812     0.07      0.01     0.07     1 
1410482269   17.51824     82.35632    -0.01      0.03     0.04     1 
1410482270   17.51804     82.38543     0.12      0.08     0.14     1 
1410482271   17.51784     82.41453    -0.03     -0.02     0.04     1 
1410482272   17.51762     82.44363     0.15      0.13     0.20     1 
1410482273   17.51741     82.47273    -0.05     -0.12     0.13     1 
1410482274   17.51719     82.50183    -0.01      0.19     0.19     1 
1410482275   17.51697     82.53093     0.11     -0.07     0.13     1 
1410482276   17.51674     82.56003    -0.03     -0.03     0.04     1 
1410482277   17.51651     82.58913    -0.03     -0.00     0.03     1 
1410482278   17.51628     82.61823    -0.07     -0.01     0.07     1 
1410482279   17.51604     82.64733     0.07      0.10     0.12     1 
1410482280   17.51579     82.67643     0.05      0.07     0.09     1 
1410482281   17.51555     82.70552     0.01     -0.12     0.12     1 
1410482282   17.51529     82.73462     0.06     -0.21     0.22     1 
1410482283   17.51504     82.76372     0.04     -0.13     0.13     1 
1410482284   17.51478     82.79282     0.08     -0.04     0.09     1 
1410482285   17.51451     82.82191     0.06      0.01     0.06     1 
1410482289   17.51341     82.93829     0.15      0.15     0.21     1 
1410482290   17.51312     82.96738     0.13      0.00     0.13     1 
1410482333   17.49550     82.03603    -0.01      0.10     0.10     1 
1410482334   17.49535     82.06514     0.07      0.03     0.08     1 
1410482335   17.49519     82.09424    -0.16      0.16     0.23     1 
1410482336   17.49502     82.12334    -0.03      0.08     0.09     1 
1410482337   17.49486     82.15244     0.08      0.09     0.12     1 
1410482338   17.49469     82.18154    -0.07      0.10     0.13     1 
1410482339   17.49451     82.21064    -0.08      0.11     0.14     1 
1410482340   17.49433     82.23974    -0.03      0.08     0.08     1 
1410482342   17.49396     82.29794    -0.03     -0.00     0.03     1 
1410482343   17.49377     82.32704     0.03     -0.10     0.10     1 
1410482344   17.49357     82.35614    -0.09      0.07     0.11     1 
1410482346   17.49317     82.41434    -0.00     -0.11     0.11     1 
1410482347   17.49296     82.44344     0.14     -0.08     0.16     1 
1410482351   17.49208     82.55982    -0.00      0.08     0.08     1 
1410482352   17.49185     82.58892     0.10     -0.11     0.14     1 
1410482353   17.49161     82.61801     0.17     -0.01     0.17     1 
1410482354   17.49137     82.64711     0.03     -0.07     0.07     1 
1410482355   17.49113     82.67620     0.22     -0.09     0.24     1 
1410482356   17.49088     82.70530     0.07     -0.30     0.30     1 
1410482357   17.49063     82.73439    -0.08      0.05     0.09     1 
1410482359   17.49011     82.79257    -0.07     -0.00     0.07     1 
1410482360   17.48985     82.82166     0.12     -0.00     0.12     1 
1410482363   17.48903     82.90894     0.08     -0.06     0.10     1 
1410482364   17.48875     82.93803     0.08      0.08     0.11     1 
1410482365   17.48846     82.96712     0.23      0.05     0.24     1 
1410482366   17.48817     82.99620    -0.03     -0.06     0.07     1 
1410482408   17.47083     82.03590    -0.07      0.02     0.08     1 
1410482409   17.47067     82.06499    -0.23      0.21     0.31     1 
1410482410   17.47051     82.09409    -0.07      0.17     0.19     1 
1410482411   17.47035     82.12319     0.00      0.06     0.06     1 
1410482412   17.47019     82.15229     0.14      0.12     0.19     1 
1410482413   17.47002     82.18138     0.02     -0.03     0.03     1 
1410482414   17.46984     82.21048     0.01     -0.02     0.02     1 
1410482415   17.46966     82.23958    -0.11     -0.02     0.11     1 
1410482416   17.46948     82.26867    -0.03     -0.02     0.04     1 
1410482417   17.46929     82.29777    -0.10     -0.21     0.23     1 
1410482418   17.46910     82.32686     0.14     -0.05     0.15     1 
1410482420   17.46870     82.38505    -0.05     -0.01     0.05     1 
1410482421   17.46850     82.41415     0.00     -0.02     0.02     1 
1410482423   17.46807     82.47233     0.04     -0.12     0.12     1 
1410482425   17.46764     82.53052    -0.00      0.05     0.05     1 
1410482426   17.46741     82.55961    -0.04     -0.06     0.07     1 
1410482427   17.46718     82.58870     0.13     -0.03     0.13     1 
1410482428   17.46694     82.61780     0.12     -0.02     0.12     1 
1410482429   17.46671     82.64688     0.19     -0.10     0.21     1 
1410482430   17.46646     82.67597     0.11      0.02     0.11     1 
1410482431   17.46621     82.70507    -0.03     -0.05     0.06     1 
1410482432   17.46596     82.73416     0.05     -0.05     0.07     1 
1410482434   17.46545     82.79233     0.11     -0.04     0.12     1 
1410482435   17.46518     82.82142    -0.03      0.24     0.25     1 
1410482438   17.46436     82.90868    -0.00     -0.03     0.03     1 
1410482439   17.46408     82.93776     0.03     -0.00     0.03     1 
1410482484   17.44600     82.06485     0.01      0.18     0.18     1 
1410482485   17.44584     82.09395     0.19      0.03     0.19     1 
1410482486   17.44568     82.12304    -0.10      0.03     0.10     1 
1410482487   17.44552     82.15213    -0.06      0.01     0.06     1 
1410482488   17.44534     82.18122    -0.03      0.04     0.05     1 
1410482489   17.44517     82.21032    -0.02      0.02     0.03     1 
1410482490   17.44499     82.23941    -0.01      0.07     0.07     1 
1410482491   17.44481     82.26850    -0.10     -0.03     0.11     1 
1410482492   17.44462     82.29759     0.07     -0.09     0.11     1 
1410482493   17.44443     82.32668    -0.05     -0.10     0.11     1 
1410482494   17.44423     82.35578    -0.10      0.00     0.10     1 
1410482495   17.44403     82.38487    -0.04     -0.07     0.08     1 
1410482496   17.44383     82.41396    -0.04      0.03     0.05     1 
1410482497   17.44362     82.44305     0.03      0.05     0.06     1 
1410482498   17.44341     82.47214     0.15      0.13     0.20     1 
1410482499   17.44319     82.50123     0.06      0.19     0.20     1 
1410482500   17.44297     82.53031     0.09     -0.10     0.13     1 
1410482501   17.44274     82.55940     0.07     -0.04     0.08     1 
1410482502   17.44251     82.58849     0.00     -0.03     0.03     1 
1410482503   17.44228     82.61758    -0.04     -0.05     0.06     1 
1410482504   17.44204     82.64666     0.05      0.04     0.06     1 
1410482505   17.44180     82.67575     0.02      0.04     0.04     1 
1410482506   17.44155     82.70484    -0.01      0.02     0.02     1 
1410482507   17.44130     82.73392     0.13     -0.10     0.16     1 
1410482508   17.44104     82.76301     0.00      0.06     0.06     1 
1410482509   17.44078     82.79209     0.01     -0.02     0.02     1 
1410482510   17.44052     82.82117     0.11      0.05     0.13     1 
1410482512   17.43998     82.87934     0.12      0.04     0.13     1 
1410482513   17.43970     82.90842     0.05      0.04     0.07     1 
1410482558   17.42148     82.03562     0.16      0.11     0.19     1 
1410482559   17.42133     82.06471     0.05      0.07     0.09     1 
1410482560   17.42117     82.09380    -0.08      0.04     0.08     1 
1410482561   17.42101     82.12289    -0.03      0.04     0.05     1 
1410482562   17.42084     82.15198    -0.12     -0.03     0.12     1 
1410482563   17.42067     82.18107    -0.13     -0.10     0.17     1 
1410482564   17.42050     82.21016     0.04     -0.03     0.05     1 
1410482566   17.42014     82.26833    -0.12      0.07     0.15     1 
1410482567   17.41995     82.29742    -0.07     -0.08     0.11     1 
1410482568   17.41976     82.32651    -0.07     -0.02     0.08     1 
1410482569   17.41956     82.35559    -0.03     -0.01     0.03     1 
1410482570   17.41936     82.38468     0.05     -0.07     0.09     1 
1410482571   17.41916     82.41377     0.09     -0.17     0.19     1 
1410482572   17.41895     82.44285     0.07     -0.02     0.08     1 
1410482573   17.41874     82.47194     0.12     -0.06     0.13     1 
1410482574   17.41852     82.50102    -0.00      0.10     0.10     1 
1410482576   17.41807     82.55919     0.21     -0.21     0.30     1 
1410482577   17.41784     82.58828     0.12      0.01     0.12     1 
1410482578   17.41761     82.61736     0.02     -0.01     0.02     1 
1410482579   17.41737     82.64644     0.11      0.00     0.11     1 
1410482582   17.41663     82.73369     0.05      0.01     0.05     1 
1410482583   17.41638     82.76277     0.03      0.03     0.04     1 
1410482584   17.41612     82.79185     0.02      0.05     0.05     1 
1410482585   17.41585     82.82093    -0.03     -0.17     0.17     1 
1410482586   17.41559     82.85001     0.01     -0.09     0.09     1 
1410482587   17.41531     82.87909     0.04      0.29     0.29     1 
1410482633   17.39681     82.03548     0.07      0.18     0.20     1 
1410482634   17.39665     82.06457    -0.09      0.03     0.10     1 
1410482635   17.39650     82.09365     0.04      0.03     0.05     1 
1410482636   17.39634     82.12274    -0.10      0.08     0.13     1 
1410482637   17.39617     82.15182    -0.16     -0.01     0.16     1 
1410482638   17.39600     82.18091     0.05     -0.00     0.05     1 
1410482639   17.39583     82.20999     0.05      0.19     0.20     1 
1410482640   17.39565     82.23908     0.21     -0.01     0.21     1 
1410482641   17.39547     82.26816    -0.07     -0.03     0.07     1 
1410482642   17.39528     82.29725    -0.01      0.00     0.01     1 
1410482643   17.39509     82.32633    -0.02      0.02     0.02     1 
1410482644   17.39489     82.35541     0.10     -0.00     0.10     1 
1410482645   17.39469     82.38450    -0.01      0.10     0.10     1 
1410482646   17.39449     82.41358    -0.05      0.10     0.12     1 
1410482647   17.39428     82.44266    -0.02      0.02     0.03     1 
1410482648   17.39407     82.47174    -0.02      0.07     0.07     1 
1410482649   17.39385     82.50082     0.14     -0.02     0.14     1 
1410482650   17.39363     82.52990     0.06      0.07     0.09     1 
1410482651   17.39341     82.55898     0.00     -0.04     0.04     1 
1410482652   17.39318     82.58806     0.13     -0.09     0.16     1 
1410482653   17.39294     82.61714    -0.00      0.06     0.06     1 
1410482654   17.39270     82.64622     0.15      0.05     0.16     1 
1410482655   17.39246     82.67530    -0.01      0.05     0.05     1 
1410482656   17.39222     82.70438     0.09      0.01     0.09     1 
1410482657   17.39197     82.73346     0.03      0.01     0.03     1 
1410482658   17.39171     82.76253    -0.01     -0.01     0.01     1 
1410482659   17.39145     82.79161    -0.06      0.07     0.09     1 
1410482707   17.37228     82.00626    -0.07      0.04     0.08     1 
1410482708   17.37214     82.03534     0.02      0.12     0.12     1 
1410482709   17.37198     82.06442    -0.23      0.19     0.30     1 
1410482711   17.37166     82.12259     0.06     -0.02     0.07     1 
1410482712   17.37150     82.15167    -0.02      0.03     0.04     1 
1410482713   17.37133     82.18075     0.08     -0.01     0.08     1 
1410482714   17.37116     82.20983    -0.03     -0.04     0.05     1 
1410482715   17.37098     82.23891    -0.02     -0.08     0.09     1 
1410482716   17.37079     82.26799    -0.21     -0.20     0.29     1 
1410482717   17.37061     82.29707     0.04      0.03     0.05     1 
1410482718   17.37042     82.32615     0.06     -0.02     0.06     1 
1410482719   17.37022     82.35523     0.04     -0.02     0.05     1 
1410482721   17.36982     82.41339     0.12      0.02     0.12     1 
1410482722   17.36961     82.44247     0.14     -0.19     0.24     1 
1410482723   17.36940     82.47154     0.18     -0.17     0.25     1 
1410482724   17.36918     82.50062     0.08     -0.00     0.08     1 
1410482725   17.36896     82.52970     0.09     -0.00     0.09     1 
1410482726   17.36874     82.55877     0.06      0.07     0.09     1 
1410482727   17.36851     82.58785     0.09      0.05     0.11     1 
1410482729   17.36804     82.64600     0.11     -0.07     0.13     1 
1410482730   17.36780     82.67508     0.04     -0.05     0.07     1 
1410482731   17.36755     82.70415     0.09     -0.01     0.09     1 
1410482782   17.34761     82.00612    -0.05      0.10     0.11     1 
1410482783   17.34746     82.03520    -0.16      0.02     0.16     1 
1410482786   17.34699     82.12244     0.11     -0.06     0.13     1 
1410482788   17.34666     82.18059    -0.14      0.06     0.15     1 
1410482789   17.34648     82.20967     0.11      0.17     0.20     1 
1410482791   17.34612     82.26782     0.08     -0.04     0.09     1 
1410482792   17.34594     82.29690     0.28      0.01     0.28     1 
1410482793   17.34575     82.32597     0.06      0.04     0.07     1 
1410482796   17.34515     82.41320     0.11     -0.10     0.15     1 
1410482797   17.34494     82.44227     0.16      0.02     0.16     1 
1410482798   17.34473     82.47135     0.25     -0.08     0.26     1 
1410482799   17.34451     82.50042     0.12     -0.04     0.13     1 
1410482800   17.34429     82.52949    -0.08     -0.15     0.17     1 
1410482801   17.34407     82.55857     0.11      0.20     0.22     1 
1410482802   17.34384     82.58764     0.15      0.04     0.15     1 
1410482803   17.34361     82.61671     0.12      0.05     0.13     1 
1410482804   17.34337     82.64578     0.03     -0.02     0.03     1 
1410482857   17.32294     82.00599    -0.02      0.07     0.07     1 
1410482860   17.32248     82.09321    -0.16      0.13     0.20     1 
1410482862   17.32215     82.15136    -0.07     -0.02     0.08     1 
1410482863   17.32199     82.18043     0.12     -0.07     0.14     1 
1410482864   17.32181     82.20951     0.12      0.03     0.12     1 
1410482865   17.32163     82.23858     0.02      0.02     0.03     1 
1410482866   17.32145     82.26765     0.03     -0.10     0.10     1 
1410482867   17.32127     82.29672     0.05      0.05     0.07     1 
1410482868   17.32108     82.32580     0.07     -0.13     0.15     1 
1410482869   17.32088     82.35487     0.07     -0.00     0.07     1 
1410482871   17.32048     82.41301     0.17     -0.07     0.19     1 
1410482872   17.32027     82.44208     0.05     -0.04     0.07     1 
1410482873   17.32006     82.47115     0.01      0.11     0.11     1 
1410482874   17.31985     82.50022     0.11      0.03     0.11     1 
1410482875   17.31963     82.52929     0.04      0.20     0.21     1 
1410482877   17.31917     82.58743     0.04      0.15     0.15     1 
1410482878   17.31894     82.61649     0.08     -0.02     0.08     1 
1410482879   17.31870     82.64556    -0.19     -0.05     0.19     1 
1410482934   17.29796     82.06400     0.12      0.14     0.18     1 
1410482935   17.29781     82.09307     0.01      0.11     0.11     1 
1410482936   17.29765     82.12214    -0.13     -0.01     0.14     1 
1410482938   17.29731     82.18028     0.02      0.21     0.21     1 
1410482939   17.29714     82.20935     0.08     -0.04     0.09     1 
1410482941   17.29678     82.26748     0.18     -0.02     0.18     1 
1410482942   17.29659     82.29655     0.07     -0.07     0.10     1 
1410482943   17.29641     82.32562     0.10     -0.07     0.12     1 
1410482945   17.29601     82.38375     0.14      0.25     0.29     1 
1410482948   17.29539     82.47095     0.02     -0.06     0.07     1 
1410482949   17.29518     82.50002     0.05     -0.09     0.10     1 
1410482950   17.29496     82.52908    -0.05     -0.02     0.05     1 
1410482951   17.29473     82.55815     0.09     -0.21     0.22     1 
1410483007   17.27359     82.00572     0.14      0.16     0.21     1 
1410483008   17.27344     82.03479     0.10      0.05     0.11     1 
1410483009   17.27329     82.06385    -0.00      0.05     0.05     1 
1410483010   17.27313     82.09292    -0.01     -0.02     0.03     1 
1410483013   17.27264     82.18012     0.12     -0.25     0.28     1 
1410483014   17.27247     82.20919     0.12     -0.03     0.12     1 
1410483016   17.27211     82.26731    -0.06     -0.03     0.07     1 
1410483017   17.27192     82.29638     0.05      0.09     0.10     1 
1410483018   17.27173     82.32544    -0.04     -0.07     0.08     1 
1410483019   17.27154     82.35451     0.15      0.05     0.16     1 
1410483020   17.27134     82.38357     0.16      0.26     0.31     1 
1410483021   17.27114     82.41263     0.05     -0.18     0.18     1 
1410483026   17.27007     82.55794    -0.01     -0.10     0.10     1 
1410483081   17.24906     81.97652     0.12      0.23     0.26     1 
1410483082   17.24892     82.00558     0.01      0.07     0.07     1 
1410483083   17.24877     82.03465     0.04     -0.04     0.05     1 
1410483084   17.24862     82.06371    -0.02      0.09     0.09     1 
1410483085   17.24846     82.09278     0.07      0.10     0.13     1 
1410483091   17.24744     82.26715    -0.14      0.11     0.18     1 
1410483092   17.24725     82.29621    -0.01     -0.20     0.20     1 
1410483093   17.24706     82.32527     0.02      0.02     0.03     1 
1410483094   17.24687     82.35433    -0.00      0.05     0.05     1 
1410483095   17.24667     82.38339     0.04     -0.01     0.04     1 
1410483097   17.24626     82.44150    -0.00     -0.12     0.12     1 
1410483100   17.24562     82.52868     0.10      0.05     0.11     1 
1410483156   17.22439     81.97639    -0.09      0.20     0.22     1 
1410483157   17.22424     82.00545    -0.02     -0.33     0.33     1 
1410483159   17.22395     82.06357    -0.02     -0.05     0.05     1 
1410483161   17.22363     82.12169    -0.02      0.09     0.09     1 
1410483163   17.22330     82.17981     0.10     -0.11     0.14     1 
1410483169   17.22220     82.35415     0.08      0.02     0.08     1 
1410483173   17.22139     82.47037     0.20      0.06     0.21     1 
1410483231   17.19971     81.97626     0.14      0.06     0.15     1 
1410483233   17.19942     82.03437     0.16      0.16     0.23     1 
1410483234   17.19927     82.06343    -0.04      0.18     0.18     1 
1410483235   17.19912     82.09248     0.04     -0.07     0.09     1 
1410483238   17.19862     82.17965     0.01      0.01     0.01     1 
1410483395   17.14799     82.38265     0.19     -0.04     0.20     1 
1410483460   17.12510     82.09205     0.20     -0.03     0.20     1 
1410483534   17.10058     82.06287    -0.05      0.01     0.05     1 
1410483536   17.10027     82.12095    -0.02     -0.18     0.18     1 
1410483540   17.09959     82.23710     0.23     -0.10     0.26     1 
1410483544   17.09885     82.35325    -0.18     -0.24     0.30     1 
1410483605   17.07648     81.94658     0.04     -0.01     0.05     1 
1410483606   17.07634     81.97562     0.07      0.04     0.09     1 
1410483610   17.07575     82.09176     0.03     -0.29     0.29     1 
1410483611   17.07559     82.12080    -0.02      0.04     0.04     1 
1410483612   17.07543     82.14984     0.09     -0.11     0.14     1 
1410483682   17.05153     82.00452    -0.19      0.06     0.20     1 
1410483684   17.05123     82.06259    -0.20      0.14     0.24     1 
1410483686   17.05092     82.12065    -0.00      0.07     0.07     1 
1410483688   17.05059     82.17872     0.14      0.03     0.15     1 
1410483755   17.02713     81.94633     0.04     -0.12     0.13     1 
1410483757   17.02685     82.00439     0.10     -0.12     0.16     1 
1410483759   17.02656     82.06245    -0.05      0.02     0.06     1 
1410483760   17.02640     82.09148    -0.02     -0.11     0.11     1 
1410483761   17.02625     82.12051     0.04      0.01     0.04     1 
1410483766   17.02539     82.26564     0.04      0.02     0.05     1 
1410483830   17.00246     81.94621    -0.02     -0.07     0.07     1 
1410483832   17.00218     82.00426     0.03      0.11     0.11     1 
1410483835   17.00173     82.09134    -0.11     -0.14     0.17     1 
1410483840   17.00090     82.23645     0.12     -0.25     0.28     1 
1410483841   17.00072     82.26548     0.02     -0.13     0.13     1 
1410483905   16.97778     81.94608     0.01      0.05     0.06     1 
1410483906   16.97764     81.97511     0.06      0.30     0.30     1 
1410483915   16.97623     82.23629     0.08     -0.10     0.13     1 
1410483916   16.97605     82.26531    -0.05     -0.06     0.08     1 
1410483979   16.95324     81.91694    -0.05      0.07     0.09     1 
1410483980   16.95311     81.94596    -0.00     -0.09     0.09     1 
1410483981   16.95297     81.97498    -0.06      0.02     0.06     1 
1410483982   16.95283     82.00400     0.02      0.07     0.07     1 
1410483986   16.95223     82.12007     0.05      0.11     0.12     1 
1410483988   16.95190     82.17810    -0.05     -0.07     0.09     1 
1410483990   16.95156     82.23613     0.09     -0.00     0.09     1 
1410483991   16.95138     82.26515     0.13     -0.20     0.24     1 
1410483994   16.95082     82.35219    -0.12      0.29     0.32     1 
1410484054   16.92856     81.91682    -0.03     -0.07     0.08     1 
1410484055   16.92843     81.94584     0.03      0.07     0.08     1 
1410484057   16.92816     82.00387    -0.09      0.04     0.10     1 
1410484060   16.92771     82.09091     0.20      0.03     0.21     1 
1410484063   16.92723     82.17794     0.29     -0.11     0.31     1 
1410484065   16.92688     82.23597     0.13     -0.06     0.15     1 
1410484131   16.90362     81.97473     0.00      0.11     0.11     1 
1410484132   16.90348     82.00374    -0.04     -0.09     0.10     1 
1410484133   16.90334     82.03275    -0.03      0.30     0.30     1 
1410484140   16.90221     82.23581     0.12     -0.09     0.15     1 
1410484206   16.87895     81.97460    -0.03     -0.05     0.06     1 
1410484214   16.87771     82.20664     0.28     -0.09     0.29     1 
1410484281   16.85427     81.97447     0.02     -0.05     0.05     1 
1410484282   16.85413     82.00347     0.00     -0.01     0.01     1 
1410484288   16.85321     82.17749     0.13     -0.04     0.14     1 
1410484290   16.85287     82.23549    -0.00      0.02     0.02     1 
1410484291   16.85269     82.26449     0.11     -0.10     0.15     1 
1410484292   16.85251     82.29349    -0.07      0.08     0.10     1 
1410484366   16.82802     82.26432     0.05     -0.07     0.09     1 
1410484367   16.82784     82.29332    -0.05     -0.17     0.18     1 
1410484368   16.82765     82.32232     0.02     -0.03     0.04     1 
1410484438   16.80386     82.17718     0.06      0.04     0.07     1 
1410484440   16.80352     82.23517    -0.05     -0.09     0.10     1 
1410484442   16.80316     82.29315    -0.12     -0.04     0.13     1 
1410484443   16.80298     82.32214     0.04      0.13     0.13     1 
1410484515   16.77885     82.23501     0.05     -0.20     0.21     1 
1410484517   16.77849     82.29299     0.04     -0.14     0.15     1 
1410484518   16.77831     82.32197    -0.02     -0.05     0.06     1 
1410484589   16.75435     82.20586     0.05     -0.00     0.05     1 
1410484592   16.75382     82.29282    -0.05     -0.05     0.07     1 
1410484593   16.75364     82.32180     0.05     -0.05     0.07     1 
1410484653   16.73129     81.88689    -0.01     -0.19     0.19     1 
1410484661   16.73016     82.11876     0.06      0.06     0.09     1 
1410484664   16.72968     82.20571    -0.01     -0.05     0.05     1 
1410484665   16.72950     82.23469    -0.04     -0.03     0.06     1 
1410484729   16.70649     81.91576    -0.07     -0.05     0.08     1 
1410484742   16.70448     82.29249    -0.23      0.23     0.33     1 
1410484744   16.70411     82.35044     0.12      0.04     0.12     1 
1410484806   16.68155     81.97359     0.05     -0.11     0.12     1 
1410484807   16.68141     82.00257    -0.16     -0.22     0.27     1 
1410484808   16.68127     82.03155    -0.03     -0.31     0.31     1 
1410484812   16.68066     82.14745     0.06      0.19     0.20     1 
1410484817   16.67980     82.29232    -0.21      0.05     0.22     1 
1410484883   16.65659     82.03141     0.10     -0.08     0.13     1 
1410484891   16.65531     82.26318    -0.11      0.02     0.11     1 
1410484892   16.65513     82.29215     0.00     -0.10     0.10     1 
----------------------------------------------------------------------
---------------------------------------------------
Total correlated GCPs in Upper Left Quadrant: 796

GCP statistics this quadrant only (in Pixels)
Line residual statistics:
  Mean: 0.024
  Median: 0.026
  Standard Deviation: 0.081

Sample residual statistics:
  Mean: 0.070
  Median: 0.069
  Standard Deviation: 0.100

Quadrant RMSE: 0.149

---------------------------------------------------
Total correlated GCPs in Upper Right Quadrant: 280

GCP statistics this quadrant only (in Pixels)
Line residual statistics:
  Mean: 0.026
  Median: 0.030
  Standard Deviation: 0.079

Sample residual statistics:
  Mean: 0.015
  Median: 0.017
  Standard Deviation: 0.083

Quadrant RMSE: 0.118

---------------------------------------------------
Total correlated GCPs in Lower Left Quadrant: 226

GCP statistics this quadrant only (in Pixels)
Line residual statistics:
  Mean: 0.026
  Median: 0.036
  Standard Deviation: 0.098

Sample residual statistics:
  Mean: -0.002
  Median: -0.003
  Standard Deviation: 0.110

Quadrant RMSE: 0.149

---------------------------------------------------
Total correlated GCPs in Lower Right Quadrant: 0

GCP statistics this quadrant only (in Pixels)
Line residual statistics:
  Mean: 0.000
  Median: 0.000
  Standard Deviation: 0.000

Sample residual statistics:
  Mean: 0.000
  Median: 0.000
  Standard Deviation: 0.000

Quadrant RMSE: 0.000

---------------------------------------------------
---------------------------------------------------
Total correlated GCPs in scene: 1302

GCP statistics entire scene (in Pixels)
Line residual statistics:
  Mean: 0.024
  Median: 0.028
  Standard Deviation: 0.084

Sample residual statistics:
  Mean: 0.046
  Median: 0.043
  Standard Deviation: 0.103

Scene RMSE: 0.143

