Tue. Nov. 22, 2016             LANDSAT 5                 Time: 21:34
                         Image Assessment System
                           GCP Residual Report
----------------------------------------------------------------------------
WOID: L21771215            Path/Row: 141 / 048

L0R Reference Image: L51BKT1006047040100_HDF.163280205
Acquisition Date: Feb 16, 2006

Band Number:  5

GLS date for each WRS-2 path/row used:
Path  Row   Date
141   048   12-08-2000


Point_ID         Latitude  Longitude    Height       Across    Along    Residual  Residual
                                                      Scan      Scan      In y      in x
                                                    Residual  Residual    dir       dir
                   (deg)     (deg)     (meters)     (meters)  (meters)  (meters)  (meters)

1410480002_01   17.436020   82.516982   -27.879      -3.891    -1.375    -3.660    -1.907
1410480004_01   17.741375   83.265120   -34.810      -0.866     1.334    -1.044     1.200
1410480006_01   16.940652   82.245918   -70.703      -0.899     4.321    -1.498     4.151
1410480009_01   17.788135   82.778547    15.415      -1.634    -0.610    -1.533    -0.833
1410480010_01   16.763021   82.206481   -71.279      -4.910     2.407    -5.200     1.692
1410480011_01   17.632027   83.181222   -58.292      -1.726     4.790    -2.381     4.502
1410480014_01   17.842118   83.247434     9.179      -4.779     1.475    -4.939     0.791
1410480016_01   17.793195   82.903373    43.584      -6.798    -0.862    -6.610    -1.805
1410480021_01   17.577561   83.180568   -68.609      -6.912    -3.935    -6.294    -4.867
1410480032_01   17.214735   82.112043   -31.308       3.768     1.838     3.471     2.348
1410480034_01   17.401422   82.828127   -68.468       3.280     4.650     2.595     5.066
1410480038_01   17.339958   82.697403   -70.673       3.186    -5.739     3.961    -5.235
1410480043_01   17.360212   82.737955   -68.812       5.455     1.469     5.195     2.220
1410480047_01   17.518295   83.045403   -63.346       0.062    -5.245     0.797    -5.186
1410480051_01   17.602567   83.222691   -57.393       0.379    -0.339     0.423    -0.282
1410480054_01   17.225483   81.973858    20.163       1.617     4.925     0.907     5.102
1410480057_01   17.289215   82.174298     3.365       6.650     6.442     5.676     7.309
1410480059_01   17.452352   82.945548   -36.252      -3.214    -1.543    -2.966    -1.979
1410480061_01   17.471184   82.987264   -66.854       4.102    -2.698     4.441    -2.096
1410480062_01   17.814161   83.251327    98.262      -0.225    -5.911     0.605    -5.885
1410480063_01   17.303249   82.089711    -9.845       1.547     2.344     1.202     2.538
1410480066_01   17.996976   83.417319   -30.416      -1.119     3.195    -1.555     3.008
1410480068_01   17.225752   82.177282   -19.415      -4.461    -3.044    -3.988    -3.639
1410480073_01   17.549997   83.123452   -72.000      -2.197    -0.646    -2.085    -0.948
1410480079_01   17.699504   83.229818   -62.349       4.096    -4.365     4.668    -3.749
1410480083_01   17.712807   83.321311   -65.902       3.698    -0.832     3.780    -0.305
1410480085_01   16.928656   82.012320   -58.868       4.918     4.304     4.261     4.952
1410480087_01   16.663954   82.076743   -69.784      -0.792    -4.255    -0.184    -4.324
1410480091_01   17.191497   82.097518   -40.182       3.509    -2.791     3.866    -2.270
1410480096_01   17.414387   82.862420   -64.999       6.400     1.514     6.125     2.398
1410480098_01   17.320885   82.354304    -2.107      -4.070    -1.284    -3.848    -1.842
1410480099_01   17.856617   83.037633    56.116      -1.410    -5.914    -0.569    -6.053
1410480102_01   17.168018   81.970173    -3.432      -0.810     4.955    -1.499     4.790
1410480103_01   17.929486   83.141804    12.685       0.311     3.268    -0.149     3.280
1410480105_01   16.843060   82.150112   -67.000      -2.373    -2.886    -1.942    -3.191
1410480110_01   17.068881   82.157125   -40.584      -2.798    -3.014    -2.346    -3.377
1410480113_01   17.527278   83.067820   -53.385       3.497     2.482     3.115     2.949
1410480119_01   17.932962   82.327161   978.847       0.450     6.781    -0.503     6.765
1410480120_01   17.442270   82.923133   -72.000       4.192     4.008     3.589     4.557
1410480123_01   17.229585   82.021563     9.625      -0.720    -0.121    -0.696    -0.221
1410480129_01   16.837595   82.002825   -66.195       2.953     0.763     2.815     1.171
1410480132_01   16.959275   81.960643   -50.784       0.957    -0.733     1.050    -0.591
1410480133_01   18.094820   83.304470   -31.447       1.424    -5.074     2.119    -4.827
1410480136_01   16.690018   82.016682   -73.893       3.958     1.186     3.750     1.731
1410480137_01   18.078564   83.436566   -34.433      -4.124     2.349    -4.413     1.750
1410480140_01   16.726418   82.206250   -68.196       3.275     2.824     2.844     3.257
1410480142_01   17.585216   83.199026   -71.606       2.655    -1.677     2.865    -1.289
1410480146_01   17.601211   82.912090   -48.794      -0.194     1.575    -0.413     1.533
1410480149_01   18.043134   83.409735   -25.318       1.820    -0.071     1.813     0.185
1410480154_01   17.112164   82.024586   -12.088       3.432    -4.535     4.034    -4.007
1410480155_01   17.168201   82.042099   -37.930       1.985    -2.194     2.273    -1.893
1410480156_01   17.789771   83.388492   -67.065       3.560     2.272     3.208     2.750
1410480161_01   17.860959   82.697466    92.485       3.981     0.759     3.835     1.308
1410480162_01   18.129036   82.192250   384.000       5.951     0.002     5.887     0.831
1410480166_01   17.708279   83.291565   -76.733       0.085     4.073    -0.486     4.046
1410480169_01   18.008087   83.213276   -20.631      -1.891     4.955    -2.566     4.642
1410480170_01   17.288589   82.276741   -14.438       0.640     1.838     0.375     1.910
1410480172_01   17.783272   83.365778    -4.665       1.254    -2.698     1.620    -2.496
1410480174_01   16.865636   82.185166   -67.588      -4.243     4.747    -4.869     4.103
1410480176_01   17.189972   82.078609   -35.646       0.847    -2.310     1.163    -2.168
1410480178_01   17.765346   83.206875   -19.295      -4.989    -0.063    -4.932    -0.762
1410480179_01   16.954721   82.005416   -56.840       2.436    -0.144     2.431     0.200
1410480181_01   17.142491   82.133891   -41.000      -3.210     0.444    -3.241    -0.011
1410480193_01   17.385398   82.644744   -16.893      -3.652     2.211    -3.926     1.677
1410480194_01   17.147956   81.969505   -15.444       4.990     0.069     4.929     0.768
1410480195_01   16.912688   82.206866   -72.411      -4.940    -0.844    -4.771    -1.530
1410480202_01   17.985203   83.127182     5.646       1.634    -1.792     1.869    -1.546
1410480204_01   17.184533   82.267846   -49.913      -1.567    -0.247    -1.517    -0.465
1410480207_01   17.665231   83.015393   -41.141      -0.843     0.983    -0.972     0.855
1410480209_01   17.213030   82.347028   -49.827      -3.242    -1.752    -2.963    -2.190
1410480211_01   17.915763   82.952242     1.847       3.327     0.091     3.282     0.556
1410480212_01   16.940816   81.965057   -59.910       0.296    -1.288     0.475    -1.234
1410480213_01   16.967800   81.935046   -39.534      -3.018     1.408    -3.186     0.970
1410480215_01   18.139863   82.902271   949.952       0.524     1.242     0.345     1.301
1410480218_01   17.989427   82.984489    35.191       2.874    -4.845     3.523    -4.396
1410480219_01   17.108293   82.187255   -52.657       5.402    -0.920     5.477    -0.152
1410480222_01   18.000015   83.560361   -69.880      -2.939    -2.879    -2.508    -3.263
1410480223_01   17.220706   82.060731   -22.192      -3.945    -2.547    -3.547    -3.075
1410480225_01   16.796101   81.886345   -64.583       2.093    -6.098     2.931    -5.742
1410480226_01   18.060987   82.192357   605.352      -2.083    -4.169    -1.478    -4.414
1410480228_01   18.059976   83.129497    -1.023      -1.106    -1.588    -0.873    -1.727
1410480230_01   17.178072   82.020716   -20.217       0.668    -0.014     0.663     0.080
1410480231_01   17.693082   82.738301    19.150       3.575    -1.958     3.814    -1.438
1410480237_01   17.910312   82.815436    20.074      -0.323     3.538    -0.815     3.458
1410480238_01   17.685450   83.297212   -69.548       0.723    -0.904     0.843    -0.794
1410480239_01   17.446078   82.893522   -68.412      -1.009     1.495    -1.209     1.339
1410480240_01   18.079603   83.191787   -14.041       3.134     0.668     3.010     1.100
1410480241_01   17.229092   82.377331   -51.726       1.766     0.967     1.613     1.205
1410480242_01   17.974417   83.097318     9.366       0.499    -3.041     0.920    -2.942
1410480243_01   17.793646   82.967319     1.897      -3.992    -3.305    -3.490    -3.832
1410480245_01   17.192916   82.227566   -41.239       2.736    -3.607     3.215    -3.187
1410480246_01   17.348295   82.502427   -33.215      -4.335    -0.795    -4.180    -1.395
1410480247_01   17.685940   83.254812   -51.778      -2.654    -2.182    -2.323    -2.533
1410480249_01   18.019429   83.263552   -28.656      -2.163     1.676    -2.376     1.358
1410480251_01   18.020886   82.391856   782.853      -0.599    -1.243    -0.419    -1.313
1410480255_01   17.976489   83.055712    20.704       0.689    -1.669     0.916    -1.556
1410480256_01   17.438714   82.588739   149.945      -1.596    -0.836    -1.463    -1.052
1410480257_01   17.252797   82.547358   -68.201       3.398     1.611     3.138     2.072
1410480258_01   18.072989   82.810300   885.914      -5.007     1.074    -5.100     0.364
1410480259_01   18.054259   82.310214   556.313       0.556     2.367     0.219     2.418
1410480262_01   17.834685   83.415968   -71.000      -3.893    -6.389    -2.961    -6.874
1410480264_01   17.881724   83.046977     9.541      -1.082    -1.076    -0.921    -1.217
1410480267_01   17.005257   82.091073   -57.603       3.908    -3.146     4.311    -2.565
1410480268_01   17.978791   83.191955    -4.190       0.859     1.898     0.585     2.000
1410480269_01   18.015597   83.335159   -43.053      -3.562     6.307    -4.410     5.749
1410480270_01   17.000874   81.936619   -15.685      -0.348     3.155    -0.788     3.074
1410480272_01   17.658890   83.153560   -42.003       1.131    -0.668     1.214    -0.503
1410480273_01   17.259896   82.269489   -23.102      -0.637     5.307    -1.377     5.164
1410480276_01   17.953762   83.026284    17.319       0.107     1.513    -0.106     1.514
1410480277_01   17.129240   82.077976   -34.069      -4.712    -2.406    -4.326    -3.043
1410480279_01   17.229101   82.206927   -34.766      -3.414     0.163    -3.402    -0.318
1410480280_01   18.062222   83.400081   -11.463       0.057     0.787    -0.053     0.788
1410480281_01   17.143443   82.157304   -41.559      -2.528     2.265    -2.821     1.887
1410480282_01   17.882709   82.810626    -0.127      -0.881     0.703    -0.971     0.573
1410480284_01   17.966834   83.444089   -27.660      -3.264     1.213    -3.402     0.744
1410480286_01   17.075042   81.964053   -16.043      -6.987     4.206    -7.507     3.182
1410480287_01   17.239767   82.045321    -7.837      -0.627    -1.637    -0.391    -1.708
1410480292_01   16.948943   82.125400   -63.321      -0.912    -0.642    -0.812    -0.764
1410480294_01   17.425574   82.883428   -72.000       0.564    -0.455     0.622    -0.372
1410480296_01   17.406791   82.711854   -46.499      -4.496     1.236    -4.625     0.593
1410480298_01   16.938013   82.090967   -64.347      -4.404     3.547    -4.860     2.892
1410480300_01   18.046047   83.234997   -28.197       1.139    -0.521     1.201    -0.356
1410480301_01   17.712220   82.839451    23.364      -1.199    -0.567    -1.108    -0.729
1410480302_01   16.949427   81.920587   -44.188       1.155     1.775     0.893     1.919
1410480303_01   17.955160   83.123708    14.977       0.243     0.733     0.138     0.760
1410480305_01   17.515140   82.624719    48.695       1.578    -3.650     2.074    -3.392
1410480306_01   17.562969   83.101565   -51.155       3.977     6.580     3.016     7.075
1410480308_01   17.860895   83.168715   -17.621       0.360     0.561     0.278     0.606
1410480309_01   17.889188   83.183210   -19.310       0.545     0.396     0.484     0.468
1410480311_01   16.922147   82.116790   -65.554       3.966     4.186     3.336     4.702
1410480314_01   16.956075   82.206016   -70.992      -3.741    -2.725    -3.320    -3.224
1410480315_01   16.727758   81.888280   -61.181       1.010    -5.932     1.836    -5.729
1410480316_01   18.214199   82.229423   384.000       4.706    -4.129     5.232    -3.430
1410480317_01   16.963131   82.058148   -62.251       2.123    -2.008     2.384    -1.690
1410480320_01   17.968139   82.684892   369.773       0.663    -2.097     0.949    -1.983
1410480321_01   17.955692   83.173549    16.126       2.709     3.668     2.170     4.011
1410480323_01   17.975627   82.140506   739.393      -2.629    -0.216    -2.569    -0.580
1410480324_01   18.029102   83.102781     1.431      -1.109     3.646    -1.608     3.456
1410480325_01   17.935102   83.197079    12.974      -3.174     0.069    -3.153    -0.375
1410480328_01   18.070629   82.373258   686.340      -3.829     0.384    -3.840    -0.154
1410480330_01   17.931869   82.513786  1058.985      -1.141     1.640    -1.357     1.461
1410480331_01   18.025631   83.219444   -19.748       2.434    -1.401     2.607    -1.047
1410480334_01   17.749320   82.692733    18.661      -5.328    -4.224    -4.683    -4.928
1410480337_01   18.030894   83.369633   -19.844       6.846    -1.509     6.992    -0.537
1410480338_01   18.063192   82.566770   856.484       2.708     0.171     2.653     0.546
1410480339_01   17.910300   82.498595   834.224      -3.404    -2.554    -3.009    -3.000
1410480343_01   17.642787   82.628687    53.600       0.341     4.046    -0.229     4.054
1410480344_01   17.490594   82.738343   -47.081       4.261     1.722     3.978     2.303
1410480346_01   17.105097   82.223042   -55.735      -3.619    -2.066    -3.292    -2.554
1410480347_01   17.297292   82.470687   -46.824      -0.972    -2.065    -0.672    -2.180
1410480348_01   17.924821   83.487951   -70.000       5.211    -1.636     5.391    -0.891
1410480350_01   18.084894   83.385373    -8.175      -0.097     3.617    -0.602     3.569
1410480351_01   17.811223   83.175752   -34.265       2.442    -0.109     2.434     0.234
